CR2/DMC Archive                  : http://www.cr2.cl/recursos-y-publicaciones/datos-ozonosonda/
STATION                          : Easter Island, Chile
Data Provider                    : DMC Dirección Meteorológica de Chile, GAW Program
Data Compilation                 : 26 July, 2016, by CR2 Center for Climate and Resilience Research, data interpolated every 100m
Latitude (deg)                   : -27.16
Longitude (deg)                  : -109.43
Elevation (m)                    : 41.0
Launch Date                      : 19970628 
Launch Time (UT)                 : 
Highest level reached (hPa)      : 9.815
Integrated O3 until EOF (DU)     : 214.863
Sonde/Sage Climatology(1988-2002): 
Sonde Instrument, SN             : SPC 6A 
Radiosonde, SN                   : Vaisala, CCE64B
Solution                         : 1.0% buffered
Applied pump corrections         : 
Pump flow rate (sec/100ml)       : 9000
Background current (uA)          : 9000
Missing or bad values            : 9000
Alt       Press     Temp      RH        O3        O3        O3        u         v         Theta     Theta e   Q         
km        hPa       K         %         mPa       ppbv      DU        m/s       m/s       K         K         g/kg      
 0.0     9000.000  9000.000  9000.000  9000.000  9000.000  9000.000  9000.000  9000.000  9000.000  9000.000  9000.00000
 0.1     9000.000  9000.000  9000.000  9000.000  9000.000  9000.000  9000.000  9000.000  9000.000  9000.000  9000.00000
 0.2     9000.000  9000.000  9000.000  9000.000  9000.000  9000.000  9000.000  9000.000  9000.000  9000.000  9000.00000
 0.3      987.890   289.840    64.963     3.100    31.380     0.288  9000.000  9000.000   290.850   309.830     0.00791
 0.4      976.370   289.020    65.846     3.100    31.750     0.577  9000.000  9000.000   291.000   309.520     0.00769
 0.5      964.900   288.050    68.000     3.000    31.091     0.857  9000.000  9000.000   291.000   309.230     0.00755
 0.6      953.620   287.190    72.600     3.100    32.508     1.148  9000.000  9000.000   291.100   309.790     0.00771
 0.7      942.340   286.410    69.000     3.000    31.836     1.430  9000.000  9000.000   291.300   308.430     0.00704
 0.8      931.180   285.730    71.000     2.919    31.348     1.705  9000.000  9000.000   291.590   308.710     0.00701
 0.9      920.170   284.930    72.000     3.009    32.697     1.989  9000.000  9000.000   291.770   308.480     0.00682
 1.0      909.180   284.250    70.783     2.978    32.758     2.271  9000.000  9000.000   292.060   308.020     0.00648
 1.1      898.380   283.810    64.593     2.959    32.940     2.552  9000.000  9000.000   292.610   306.960     0.00581
 1.2      887.600   283.150    66.000     3.000    33.799     2.837  9000.000  9000.000   292.930   307.190     0.00575
 1.3      877.000   282.250    72.000     2.995    34.151     3.123  9000.000  9000.000   293.000   307.850     0.00597
 1.4      866.530   281.600    74.467     2.900    33.467     3.401  9000.000  9000.000   293.330   308.270     0.00598
 1.5      856.110   280.870    75.920     2.808    32.800     3.670  9000.000  9000.000   293.570   308.290     0.00587
 1.6      845.770   280.120    77.000     2.900    34.288     3.948  9000.000  9000.000   293.800   308.200     0.00572
 1.7      835.500   279.750    72.545     2.900    34.710     4.228  9000.000  9000.000   294.440   307.890     0.00532
 1.8      825.400   279.650    64.000     2.900    35.134     4.507  9000.000  9000.000   295.360   307.330     0.00472
 1.9      815.400   279.450    54.382     2.800    34.339     4.777  9000.000  9000.000   296.180   306.380     0.00400
 2.0      805.500   279.170    47.231     2.800    34.761     5.047  9000.000  9000.000   296.910   305.760     0.00345
 2.1      795.700   278.760    33.667     2.956    37.144     5.332  9000.000  9000.000   297.510   303.760     0.00242
 2.2      785.960   278.450    27.733     2.937    37.364     5.616  9000.000  9000.000   298.220   303.350     0.00198
 2.3      776.450   278.370    13.129     3.077    39.634     5.914  9000.000  9000.000   299.180   301.670     0.00094
 2.4      767.050   277.900     9.233     3.177    41.414     6.222  9000.000  9000.000   299.700   301.460     0.00065
 2.5      757.700   277.450     8.000     3.200    42.233     6.532  9000.000  9000.000   300.270   301.780     0.00055
 2.6      748.420   277.030     6.706     3.200    42.757     6.843  9000.000  9000.000   300.870   302.140     0.00045
 2.7      739.210   276.350     4.926     3.100    41.936     7.145  9000.000  9000.000   301.190   302.120     0.00032
 2.8      730.100   275.900     4.000     3.100    42.460     7.448  9000.000  9000.000   301.760   302.530     0.00026
 2.9      721.130   275.320     4.778     3.100    42.988     7.751  9000.000  9000.000   302.190   303.070     0.00030
 3.0      712.170   274.790     5.000     3.100    43.529     8.055  9000.000  9000.000   302.690   303.590     0.00030
 3.1      703.370   274.310     4.000     3.100    44.073     8.359  9000.000  9000.000   303.230   303.960     0.00024
 3.2      694.710   273.850     3.000     3.048    43.880     8.659  9000.000  9000.000   303.790   304.370     0.00017
 3.3      686.060   273.480     2.000     3.028    44.138     8.957  9000.000  9000.000   304.460   304.880     0.00011
 3.4      677.500   273.150     2.206     3.079    45.453     9.260  9000.000  9000.000   305.190   305.640     0.00012
 3.5      669.080   272.830     2.000     2.900    43.343     9.547  9000.000  9000.000   305.920   306.340     0.00011
 3.6      660.760   272.160     2.000     2.844    43.043     9.828  9000.000  9000.000   306.260   306.680     0.00011
 3.7      652.510   271.400     2.000     2.816    43.151    10.107  9000.000  9000.000   306.490   306.900     0.00010
 3.8      644.300   270.610     6.769     2.900    45.010    10.396  9000.000  9000.000   306.710   307.750     0.00033
 3.9      636.250   269.910    20.515     2.821    44.341    10.677  9000.000  9000.000   307.010   309.800     0.00097
 4.0      628.220   269.010    21.440     2.756    43.870    10.953  9000.000  9000.000   307.090   309.860     0.00096
 4.1      620.280   268.550    33.893     2.600    41.917    11.214  9000.000  9000.000   307.690   311.920     0.00149
 4.2      612.440   267.810    38.000     2.400    39.187    11.455  9000.000  9000.000   307.950   312.490     0.00160
 4.3      604.660   267.290    36.000     2.400    39.691    11.697  9000.000  9000.000   308.470   312.700     0.00147
 4.4      596.960   266.560    35.926     2.300    38.529    11.929  9000.000  9000.000   308.750   312.820     0.00141
 4.5      589.350   265.940    35.000     2.300    39.026    12.162  9000.000  9000.000   309.160   313.010     0.00132
 4.6      581.830   265.550    25.968     2.297    39.475    12.395  9000.000  9000.000   309.850   312.710     0.00097
 4.7      574.420   265.300    23.357     2.218    38.610    12.620  9000.000  9000.000   310.680   313.270     0.00086
 4.8      567.030   264.700    24.167     2.200    38.798    12.844  9000.000  9000.000   311.130   313.730     0.00086
 4.9      559.740   263.740    27.552     2.155    38.503    13.064  9000.000  9000.000   311.140   313.930     0.00092
 5.0      552.630   262.920    25.750     2.138    38.679    13.283  9000.000  9000.000   311.310   313.830     0.00082
 5.1      545.530   262.210    23.300     2.170    39.778    13.506  9000.000  9000.000   311.610   313.820     0.00071
 5.2      538.410   261.560    23.000     2.100    39.003    13.722  9000.000  9000.000   312.000   314.120     0.00067
 5.3      531.450   260.660    23.355     2.100    39.515    13.939  9000.000  9000.000   312.080   314.130     0.00065
 5.4      524.490   259.990    22.806     2.100    40.039    14.156  9000.000  9000.000   312.450   314.400     0.00060
 5.5      517.650   259.110    24.000     2.000    38.636    14.364  9000.000  9000.000   312.560   314.500     0.00060
 5.6      510.830   258.250    22.000     2.000    39.152    14.573  9000.000  9000.000   312.700   314.420     0.00052
 5.7      504.160   257.590    20.000     2.016    39.990    14.784  9000.000  9000.000   313.070   314.610     0.00045
 5.8      497.470   256.700    20.000     2.000    40.204    14.993  9000.000  9000.000   313.180   314.650     0.00043
 5.9      490.870   255.900    19.000     2.000    40.744    15.204  9000.000  9000.000   313.400   314.750     0.00038
 6.0      484.350   254.890    19.000     1.921    39.653    15.407  9000.000  9000.000   313.350   314.630     0.00036
 6.1      477.900   254.050    17.000     1.900    39.757    15.608  9000.000  9000.000   313.510   314.640     0.00030
 6.2      471.490   253.170    18.000     1.900    40.297    15.810  9000.000  9000.000   313.640   314.770     0.00030
 6.3      465.170   252.110    17.209     1.900    40.846    16.013  9000.000  9000.000   313.530   314.560     0.00027
 6.4      458.900   251.390    14.000     1.900    41.404    16.217  9000.000  9000.000   313.840   314.700     0.00021
 6.5      452.690   250.760    15.000     2.000    44.180    16.431  9000.000  9000.000   314.270   315.150     0.00021
 6.6      446.580   250.010    13.000     2.021    45.260    16.649  9000.000  9000.000   314.540   315.320     0.00017
 6.7      440.520   249.270    13.943     2.000    45.401    16.865  9000.000  9000.000   314.830   315.630     0.00018
 6.8      434.500   248.420    14.762     2.100    48.332    17.093  9000.000  9000.000   315.000   315.800     0.00018
 6.9      428.550   247.550    18.000     2.100    49.002    17.321  9000.000  9000.000   315.130   316.010     0.00020
 7.0      422.650   246.950    21.250     2.100    49.687    17.550  9000.000  9000.000   315.610   316.580     0.00023
 7.1      416.820   246.170    25.944     2.100    50.382    17.780  9000.000  9000.000   315.850   316.940     0.00026
 7.2      411.080   245.560    28.405     2.070    50.362    18.007  9000.000  9000.000   316.320   317.460     0.00028
 7.3      405.410   244.670    26.000     2.094    51.662    18.237  9000.000  9000.000   316.420   317.440     0.00024
 7.4      399.740   243.720    24.629     2.000    50.032    18.458  9000.000  9000.000   316.470   317.400     0.00021
 7.5      394.160   242.660    23.000     2.000    50.741    18.680  9000.000  9000.000   316.350   317.200     0.00018
 7.6      388.630   241.720    22.000     2.000    51.463    18.903  9000.000  9000.000   316.390   317.190     0.00016
 7.7      383.190   240.830    26.048     2.000    52.193    19.127  9000.000  9000.000   316.500   317.350     0.00017
 7.8      377.790   239.930    27.000     2.000    52.940    19.351  9000.000  9000.000   316.590   317.430     0.00017
 7.9      372.430   238.970    30.457     1.954    52.474    19.571  9000.000  9000.000   316.610   317.480     0.00017
 8.0      367.150   238.140    33.029     1.900    51.750    19.786  9000.000  9000.000   316.800   317.680     0.00018
 8.1      361.910   237.270    36.000     1.900    52.500    20.002  9000.000  9000.000   316.940   317.840     0.00018
 8.2      356.700   236.650    34.000     2.000    56.070    20.229  9000.000  9000.000   317.420   318.260     0.00016
 8.3      351.600   236.200    29.471     2.176    61.902    20.477  9000.000  9000.000   318.110   318.880     0.00014
 8.4      346.530   235.470    27.621     2.200    63.486    20.729  9000.000  9000.000   318.450   319.180     0.00012
 8.5      341.550   234.940    26.107     2.211    64.726    20.982  9000.000  9000.000   319.040   319.740     0.00011
 8.6      336.600   234.530    25.805     2.300    68.329    21.246  9000.000  9000.000   319.810   320.510     0.00010
 8.7      331.800   234.170    20.237     2.324    70.032    21.514  9000.000  9000.000   320.630   321.260     0.00008
 8.8      327.010   233.750    15.382     2.462    75.281    21.797  9000.000  9000.000   321.380   321.940     0.00006
 8.9      322.270   234.130    10.667     2.500    77.576    22.085  9000.000  9000.000   323.250   323.770     0.00004
 9.0      317.580   233.700     8.235     2.500    78.721    22.373  9000.000  9000.000   324.000   324.490     0.00003
 9.1      312.970   233.500     6.000     2.600    83.075    22.673  9000.000  9000.000   325.080   325.550     0.00002
 9.2      308.420   233.030     5.000     2.611    84.642    22.974  9000.000  9000.000   325.780   326.230     0.00002
 9.3      303.930   232.510     5.000     2.629    86.510    23.279  9000.000  9000.000   326.410   326.870     0.00002
 9.4      299.470   231.620     5.000     2.542    84.873    23.574  9000.000  9000.000   326.530   326.990     0.00002
 9.5      295.100   230.650     6.000     2.500    84.717    23.866  9000.000  9000.000   326.530   327.000     0.00002
 9.6      290.730   229.700     6.000     2.529    86.998    24.162  9000.000  9000.000   326.570   327.040     0.00002
 9.7      286.430   228.800     6.514     2.451    85.586    24.451  9000.000  9000.000   326.680   327.150     0.00002
 9.8      282.190   228.060     7.000     2.370    83.986    24.731  9000.000  9000.000   327.010   327.490     0.00002
 9.9      277.970   227.750     7.000     2.310    83.102    25.004  9000.000  9000.000   327.970   328.450     0.00002
10.0      273.850   227.610     7.000     2.300    83.988    25.276  9000.000  9000.000   329.160   329.660     0.00002
10.1      269.740   226.840     7.000     2.309    85.621    25.550  9000.000  9000.000   329.470   329.960     0.00002
10.2      265.700   226.550     6.000     2.400    90.327    25.835  9000.000  9000.000   330.450   330.950     0.00001
10.3      261.720   226.440     6.000     2.400    91.701    26.121  9000.000  9000.000   331.730   332.220     0.00001
10.4      257.800   225.870     6.000     2.400    93.097    26.407  9000.000  9000.000   332.320   332.820     0.00001
10.5      253.940   225.370     6.000     2.321    91.415    26.684  9000.000  9000.000   333.010   333.510     0.00001
10.6      250.100   224.740     6.000     2.300    91.962    26.960  9000.000  9000.000   333.510   334.020     0.00001
10.7      246.310   224.160     6.000     2.307    93.667    27.237  9000.000  9000.000   334.110   334.630     0.00001
10.8      242.610   224.190     5.543     2.491   102.690    27.536  9000.000  9000.000   335.600   336.120     0.00001
10.9      238.940   225.940     4.000     2.600   108.810    27.846  9000.000  9000.000   339.690   340.220     0.00001
11.0      235.370   227.240     3.000     2.795   118.730    28.177  9000.000  9000.000   343.110   343.640     0.00001
11.1      231.850   226.710     2.000     2.737   118.050    28.502  9000.000  9000.000   343.790   344.320     0.00001
11.2      228.370   226.400     2.000     2.777   121.600    28.833  9000.000  9000.000   344.790   345.320     0.00001
11.3      224.950   226.110     1.000     2.761   122.740    29.161  9000.000  9000.000   345.840   346.370     0.00000
11.4      221.570   226.150     1.000     2.704   122.060    29.483  9000.000  9000.000   347.390   347.930     0.00000
11.5      218.250   226.960     1.000     2.695   123.460    29.803  9000.000  9000.000   350.140   350.690     0.00000
11.6      215.000   228.140     0.000     2.500   116.280    30.098  9000.000  9000.000   353.470   354.020     0.00000
11.7      211.800   228.110     0.000     2.557   120.720    30.400  9000.000  9000.000   354.930   355.490     0.00000
11.8      208.650   228.130     0.000     2.400   115.020    30.683  9000.000  9000.000   356.480   357.050     0.00000
11.9      205.550   227.560     0.000     2.337   113.680    30.960  9000.000  9000.000   357.110   357.690     0.00000
12.0      202.480   226.730     0.000     2.300   113.590    31.233  9000.000  9000.000   357.340   357.920     0.00000
12.1      199.440   225.980     0.000     2.300   115.320    31.507  9000.000  9000.000   357.690   358.270     0.00000
12.2      196.460   225.090     0.000     2.200   111.980    31.770  9000.000  9000.000   357.810   358.400     0.00000
12.3      193.500   224.260     0.000     2.277   117.690    32.044  9000.000  9000.000   358.050   358.650     0.00000
12.4      190.550   223.260     0.000     2.168   113.800    32.305  9000.000  9000.000   358.000   358.600     0.00000
12.5      187.650   222.310     0.000     2.200   117.240    32.572  9000.000  9000.000   358.050   358.650     0.00000
12.6      184.800   222.450     0.000     2.314   125.230    32.852  9000.000  9000.000   359.840   360.460     0.00000
12.7      181.990   223.960     0.000     2.606   143.190    33.165  9000.000  9000.000   363.860   364.490     0.00000
12.8      179.230   223.950     0.000     2.700   150.650    33.490  9000.000  9000.000   365.440   366.080     0.00000
12.9      176.500   223.440     0.000     2.800   158.640    33.827  9000.000  9000.000   366.190   366.840     0.00000
13.0      173.820   222.510     0.000     2.807   161.510    34.167  9000.000  9000.000   366.280   366.930     0.00000
13.1      171.170   221.650     0.000     2.800   163.580    34.507  9000.000  9000.000   366.450   367.110     0.00000
13.2      168.540   221.450     0.000     2.774   164.610    34.844  9000.000  9000.000   367.740   368.410     0.00000
13.3      165.960   221.440     0.000     2.846   171.490    35.190  9000.000  9000.000   369.350   370.020     0.00000
13.4      163.430   220.990     0.000     2.765   169.170    35.527  9000.000  9000.000   370.210   370.890     0.00000
13.5      160.930   220.580     0.000     2.511   156.060    35.834  9000.000  9000.000   371.160   371.850     0.00000
13.6      158.430   219.660     0.000     2.355   148.650    36.122  9000.000  9000.000   371.250   371.950     0.00000
13.7      155.990   218.850     0.000     2.200   141.040    36.393  9000.000  9000.000   371.520   372.220     0.00000
13.8      153.570   217.820     0.000     2.100   136.750    36.653  9000.000  9000.000   371.420   372.130     0.00000
13.9      151.160   217.300     0.000     2.051   135.670    36.907  9000.000  9000.000   372.220   372.930     0.00000
14.0      148.800   216.670     0.000     2.100   141.130    37.168  9000.000  9000.000   372.800   373.520     0.00000
14.1      146.480   215.840     0.000     2.000   136.540    37.417  9000.000  9000.000   373.040   373.770     0.00000
14.2      144.160   215.080     0.000     2.000   138.740    37.668  9000.000  9000.000   373.420   374.160     0.00000
14.3      141.890   214.310     0.000     2.000   140.950    37.919  9000.000  9000.000   373.770   374.520     0.00000
14.4      139.630   213.610     0.000     2.000   143.230    38.171  9000.000  9000.000   374.250   375.000     0.00000
14.5      137.420   213.450     0.000     2.000   145.540    38.423  9000.000  9000.000   375.670   376.430     0.00000
14.6      135.240   214.680     0.000     2.176   160.930    38.696  9000.000  9000.000   379.560   380.340     0.00000
14.7      133.100   213.920     0.000     2.200   165.290    38.973  9000.000  9000.000   379.940   380.720     0.00000
14.8      130.990   213.770     0.000     2.200   167.950    39.250  9000.000  9000.000   381.420   382.210     0.00000
14.9      128.900   213.280     0.000     2.200   170.670    39.528  9000.000  9000.000   382.280   383.070     0.00000
15.0      126.860   212.770     0.000     2.200   173.410    39.807  9000.000  9000.000   383.100   383.910     0.00000
15.1      124.840   212.890     0.000     2.040   163.410    40.065  9000.000  9000.000   385.080   385.900     0.00000
15.2      122.850   213.220     0.000     2.168   176.460    40.338  9000.000  9000.000   387.440   388.270     0.00000
15.3      120.890   213.250     0.000     2.200   181.980    40.616  9000.000  9000.000   389.280   390.110     0.00000
15.4      118.970   213.250     0.000     2.100   176.520    40.881  9000.000  9000.000   391.060   391.910     0.00000
15.5      117.080   213.410     0.000     2.178   186.010    41.156  9000.000  9000.000   393.140   393.990     0.00000
15.6      115.220   212.760     0.000     2.198   190.790    41.434  9000.000  9000.000   393.730   394.600     0.00000
15.7      113.370   211.980     0.000     2.100   185.230    41.701  9000.000  9000.000   394.110   394.980     0.00000
15.8      111.560   211.370     0.000     2.194   196.660    41.981  9000.000  9000.000   394.790   395.670     0.00000
15.9      109.870   210.430     0.000     2.100   191.140    42.249  9000.000  9000.000   394.740   395.630     0.00000
16.0      108.090   209.620     0.000     2.174   201.120    42.528  9000.000  9000.000   395.050   395.950     0.00000
16.1      106.340   209.210     0.000     2.100   197.480    42.799  9000.000  9000.000   396.110   397.020     0.00000
16.2      104.610   208.740     0.000     2.211   211.310    43.084  9000.000  9000.000   397.070   397.980     0.00000
16.3      102.930   208.690     0.000     2.368   230.030    43.389  9000.000  9000.000   398.810   399.730     0.00000
16.4      101.250   209.350     0.000     2.650   261.730    43.730  9000.000  9000.000   401.950   402.890     0.00000
16.5       99.612   209.350     0.000     2.900   291.130    44.103  9000.000  9000.000   403.830   404.770     0.00000
16.6       98.000   208.750     1.000     2.800   285.710    44.464  9000.000  9000.000   404.540   405.500     0.00000
16.7       96.400   208.350     0.000     2.800   290.460    44.826  9000.000  9000.000   405.670   406.630     0.00000
16.8       94.837   207.830     0.000     2.800   295.240    45.189  9000.000  9000.000   406.540   407.510     0.00000
16.9       93.293   207.570     0.000     2.785   298.500    45.550  9000.000  9000.000   407.930   408.910     0.00000
17.0       91.771   207.650     0.000     2.800   305.110    45.913  9000.000  9000.000   410.010   411.010     0.00000
17.1       90.271   207.540     0.000     2.800   310.180    46.277  9000.000  9000.000   411.710   412.720     0.00000
17.2       88.794   206.910     0.000     2.800   315.340    46.641  9000.000  9000.000   412.400   413.410     0.00000
17.3       87.345   206.410     0.000     2.816   322.410    47.008  9000.000  9000.000   413.350   414.380     0.00000
17.4       85.900   205.750     0.000     3.100   360.880    47.414  9000.000  9000.000   413.980   415.020     0.00000
17.5       84.486   205.810     0.000     3.188   377.310    47.831  9000.000  9000.000   416.070   417.120     0.00000
17.6       83.103   206.290     0.000     3.183   382.990    48.247  9000.000  9000.000   419.010   420.070     0.00000
17.7       81.733   206.120     0.000     3.200   391.520    48.665  9000.000  9000.000   420.630   421.710     0.00000
17.8       80.392   205.830     0.000     3.285   408.570    49.094  9000.000  9000.000   422.040   423.130     0.00000
17.9       79.061   205.440     0.000     3.100   392.100    49.501  9000.000  9000.000   423.240   424.330     0.00000
18.0       77.758   205.030     0.000     3.000   385.810    49.895  9000.000  9000.000   424.410   425.510     0.00000
18.1       76.472   204.830     0.000     3.021   395.000    50.292  9000.000  9000.000   426.010   427.120     0.00000
18.2       75.212   204.560     0.000     3.100   412.170    50.700  9000.000  9000.000   427.460   428.580     0.00000
18.3       73.963   204.700     0.000     3.587   485.040    51.172  9000.000  9000.000   429.800   430.940     0.00000
18.4       72.744   205.600     0.760     4.656   640.050    51.781  9000.000  9000.000   433.740   434.900     0.00000
18.5       71.547   206.130     1.000     6.445   900.820    52.623  9000.000  9000.000   436.910   438.090     0.00000
18.6       70.371   205.960     1.000     7.429  1055.800    53.595  9000.000  9000.000   438.630   439.820     0.00000
18.7       69.206   205.450     1.000     7.600  1098.200    54.591  9000.000  9000.000   439.630   440.820     0.00000
18.8       68.067   205.450     1.000     7.592  1115.300    55.586  9000.000  9000.000   441.710   442.920     0.00000
18.9       66.944   205.770     1.000     7.319  1093.200    56.543  9000.000  9000.000   444.490   445.720     0.00000
19.0       65.846   206.370     1.000     7.533  1144.000    57.526  9000.000  9000.000   447.900   449.140     0.00000
19.1       64.768   206.860     1.000     8.421  1300.200    58.622  9000.000  9000.000   451.070   452.330     0.00000
19.2       63.700   206.950     1.000     9.100  1428.600    59.806  9000.000  9000.000   453.410   454.690     0.00000
19.3       62.663   206.570     1.000     8.675  1384.400    60.937  9000.000  9000.000   454.710   456.000     0.00000
19.4       61.631   206.360     1.000     8.388  1361.000    62.032  9000.000  9000.000   456.400   457.700     0.00000
19.5       60.620   206.300     1.000     7.820  1290.000    63.052  9000.000  9000.000   458.410   459.720     0.00000
19.6       59.622   206.380     0.000     8.784  1473.300    64.198  9000.000  9000.000   460.770   462.090     0.00000
19.7       58.648   206.550     0.919     8.424  1436.400    65.297  9000.000  9000.000   463.310   464.660     0.00000
19.8       57.689   206.610     1.000     8.287  1436.500    66.377  9000.000  9000.000   465.640   467.000     0.00000
19.9       56.740   206.720     1.000     8.040  1416.900    67.424  9000.000  9000.000   468.080   469.450     0.00000
20.0       55.813   207.080     0.000     8.585  1538.200    68.540  9000.000  9000.000   471.110   472.490     0.00000
20.1       54.900   207.490     0.000     9.260  1686.700    69.742  9000.000  9000.000   474.260   475.660     0.00000
20.2       54.004   207.350     0.000     9.618  1781.000    70.991  9000.000  9000.000   476.170   477.590     0.00000
20.3       53.124   207.390     0.000     9.825  1849.500    72.266  9000.000  9000.000   478.500   479.930     0.00000
20.4       52.252   207.540     0.000    10.087  1930.400    73.575  9000.000  9000.000   481.090   482.540     0.00000
20.5       51.402   207.650     0.000    10.272  1998.400    74.907  9000.000  9000.000   483.610   485.070     0.00000
20.6       50.559   208.480     0.000    10.149  2007.400    76.218  9000.000  9000.000   487.840   489.330     0.00000
20.7       49.741   208.940     0.000    10.880  2187.300    77.620  9000.000  9000.000   491.190   492.690     0.00000
20.8       48.937   208.780     0.000    10.682  2182.900    78.998  9000.000  9000.000   493.090   494.610     0.00000
20.9       48.144   209.010     0.000    11.850  2461.400    80.524  9000.000  9000.000   495.950   497.480     0.00000
21.0       47.362   209.490     0.000    12.433  2625.100    82.122  9000.000  9000.000   499.400   500.960     0.00000
21.1       46.597   210.200     0.000    11.512  2470.500    83.597  9000.000  9000.000   503.420   505.000     0.00000
21.2       45.845   210.720     0.000    10.936  2385.400    84.994  9000.000  9000.000   507.030   508.620     0.00000
21.3       45.113   211.070     0.609    10.800  2394.000    86.372  9000.000  9000.000   510.210   511.820     0.00000
21.4       44.386   211.570     0.964    10.921  2460.600    87.762  9000.000  9000.000   513.780   515.420     0.00000
21.5       43.677   212.230     0.000    11.661  2669.900    89.242  9000.000  9000.000   517.750   519.400     0.00000
21.6       42.983   212.070     0.000    11.800  2745.300    90.740  9000.000  9000.000   519.730   521.390     0.00000
21.7       42.297   212.600     0.000    11.700  2766.200    92.222  9000.000  9000.000   523.420   525.110     0.00000
21.8       41.620   212.190     0.000    11.800  2835.200    93.719  9000.000  9000.000   524.810   526.510     0.00000
21.9       40.954   211.860     0.000    11.685  2853.100    95.204  9000.000  9000.000   526.400   528.120     0.00000
22.0       40.302   212.070     0.246    11.549  2865.700    96.671  9000.000  9000.000   529.350   531.090     0.00000
22.1       39.657   212.890     1.000    11.543  2910.600    98.130  9000.000  9000.000   533.840   535.620     0.00000
22.2       39.025   212.950     1.000    11.762  3014.100    99.618  9000.000  9000.000   536.440   538.230     0.00000
22.3       38.405   213.190     1.432    12.400  3228.700   101.184  9000.000  9000.000   539.510   541.330     0.00000
22.4       37.797   213.330     2.784    12.400  3280.700   102.749  9000.000  9000.000   542.310   544.180     0.00001
22.5       37.194   214.750     0.000    12.496  3359.600   104.316  9000.000  9000.000   548.420   550.260     0.00000
22.6       36.609   214.500     0.000    12.200  3332.500   105.847  9000.000  9000.000   550.280   552.130     0.00000
22.7       36.031   214.340     0.000    12.723  3531.200   107.446  9000.000  9000.000   552.360   554.230     0.00000
22.8       35.462   215.330     0.000    13.307  3752.500   109.110  9000.000  9000.000   557.420   559.320     0.00000
22.9       34.906   215.860     0.000    12.823  3673.700   110.709  9000.000  9000.000   561.330   563.250     0.00000
23.0       34.354   216.290     0.365    13.219  3847.800   112.355  9000.000  9000.000   564.990   566.950     0.00000
23.1       33.816   216.160     1.000    12.843  3797.900   113.955  9000.000  9000.000   567.210   569.200     0.00001
23.2       33.285   216.060     0.142    13.916  4180.800   115.689  9000.000  9000.000   569.520   571.500     0.00000
23.3       32.763   216.130     0.000    13.558  4138.200   117.378  9000.000  9000.000   572.260   574.250     0.00000
23.4       32.253   216.350     0.000    13.744  4261.400   119.088  9000.000  9000.000   575.410   577.420     0.00000
23.5       31.745   216.800     0.000    13.700  4315.600   120.790  9000.000  9000.000   579.230   581.270     0.00000
23.6       31.251   217.240     0.311    13.820  4422.300   122.503  9000.000  9000.000   583.020   585.090     0.00000
23.7       30.763   217.430     0.921    13.271  4314.000   124.146  9000.000  9000.000   586.120   588.230     0.00001
23.8       30.281   217.770     1.907    13.237  4371.400   125.783  9000.000  9000.000   589.680   591.870     0.00001
23.9       29.814   217.950     1.000    13.695  4593.600   127.475  9000.000  9000.000   592.790   594.960     0.00001
24.0       29.348   218.200     1.000    13.702  4668.700   129.166  9000.000  9000.000   596.160   598.350     0.00001
24.1       28.891   218.760     0.970    14.470  5008.500   130.947  9000.000  9000.000   600.340   602.560     0.00001
24.2       28.446   218.950     0.000    13.860  4872.600   132.651  9000.000  9000.000   603.540   605.730     0.00000
24.3       28.004   219.340     0.985    14.003  5000.300   134.370  9000.000  9000.000   607.320   609.590     0.00001
24.4       27.571   219.390     1.000    14.771  5357.500   136.183  9000.000  9000.000   610.160   612.450     0.00001
24.5       27.146   219.450     0.155    14.177  5222.600   137.923  9000.000  9000.000   613.020   615.290     0.00000
24.6       26.729   219.500     0.000    14.218  5319.300   139.667  9000.000  9000.000   615.880   618.160     0.00000
24.7       26.315   219.350     0.000    14.353  5454.500   141.429  9000.000  9000.000   618.200   620.490     0.00000
24.8       25.909   219.130     0.000    14.032  5415.700   143.153  9000.000  9000.000   620.330   622.640     0.00000
24.9       25.512   218.660     0.000    14.098  5526.000   144.889  9000.000  9000.000   621.780   624.100     0.00000
25.0       25.115   218.200     0.000    14.164  5639.800   146.637  9000.000  9000.000   623.220   625.560     0.00000
25.1       24.720   217.680     0.000    13.839  5598.500   148.349  9000.000  9000.000   624.520   626.870     0.00000
25.2       24.335   217.920     0.000    13.737  5644.900   150.046  9000.000  9000.000   628.000   630.370     0.00000
25.3       23.956   218.150     1.000    13.109  5472.200   151.664  9000.000  9000.000   631.490   633.960     0.00001
25.4       23.585   218.150     1.000    13.183  5589.500   153.292  9000.000  9000.000   634.300   636.790     0.00001
25.5       23.218   218.240     1.000    13.200  5685.200   154.920  9000.000  9000.000   637.410   639.920     0.00001
25.6       22.858   219.030     3.000    13.415  5869.100   156.569  9000.000  9000.000   642.580   645.280     0.00003
25.7       22.506   219.610     3.378    12.881  5723.500   158.149  9000.000  9000.000   647.120   649.900     0.00004
25.8       22.156   219.820     4.776    12.811  5782.300   159.718  9000.000  9000.000   650.630   653.570     0.00006
25.9       21.816   219.530     4.831    12.300  5638.200   161.227  9000.000  9000.000   652.670   655.620     0.00006
26.0       21.478   219.470     4.155    12.300  5726.900   162.736  9000.000  9000.000   655.370   658.290     0.00005
26.1       21.147   219.400     1.733    12.147  5744.000   164.227  9000.000  9000.000   658.070   660.800     0.00002
26.2       20.819   219.070     1.000    11.719  5629.100   165.667  9000.000  9000.000   660.010   662.700     0.00001
26.3       20.501   219.050     1.000    11.634  5674.600   167.097  9000.000  9000.000   662.900   665.620     0.00001
26.4       20.183   219.050     1.000    11.563  5729.000   168.518  9000.000  9000.000   665.860   668.600     0.00001
26.5       19.867   219.080     1.000    11.467  5771.800   169.928  9000.000  9000.000   668.920   671.680     0.00001
26.6       19.561   219.150     1.000    11.320  5787.200   171.319  9000.000  9000.000   672.080   674.870     0.00001
26.7       19.259   219.090     2.804    10.999  5711.100   172.670  9000.000  9000.000   674.890   677.870     0.00004
26.8       18.959   219.310     3.794    10.721  5654.700   173.987  9000.000  9000.000   678.610   681.720     0.00005
26.9       18.668   219.950     3.000    10.784  5776.700   175.307  9000.000  9000.000   683.570   686.670     0.00004
27.0       18.381   219.950     3.000    10.640  5788.900   176.609  9000.000  9000.000   686.610   689.740     0.00004
27.1       18.097   219.950     3.000    10.346  5717.200   177.876  9000.000  9000.000   689.660   692.820     0.00005
27.2       17.818   219.900     2.670    10.116  5677.800   179.115  9000.000  9000.000   692.570   695.720     0.00004
27.3       17.543   219.740     1.571    10.171  5798.000   180.361  9000.000  9000.000   695.120   698.170     0.00002
27.4       17.272   219.590     1.000    10.200  5905.500   181.612  9000.000  9000.000   697.720   700.720     0.00002
27.5       17.006   219.740     1.000    10.006  5883.900   182.838  9000.000  9000.000   701.320   704.350     0.00002
27.6       16.742   219.850     1.000     9.900  5913.200   184.051  9000.000  9000.000   704.790   707.850     0.00002
27.7       16.485   219.850     1.577     9.985  6056.900   185.273  9000.000  9000.000   707.910   711.070     0.00003
27.8       16.230   219.930     4.544     9.646  5942.900   186.454  9000.000  9000.000   711.320   714.900     0.00008
27.9       15.981   220.110     4.453     9.545  5972.800   187.622  9000.000  9000.000   715.060   718.680     0.00008
28.0       15.734   220.250     4.000     9.401  5975.000   188.771  9000.000  9000.000   718.670   722.270     0.00007
28.1       15.493   220.340     4.214     9.179  5924.400   189.893  9000.000  9000.000   722.140   725.820     0.00008
28.2       15.255   220.530     4.691     9.131  5985.600   191.008  9000.000  9000.000   725.970   729.780     0.00009
28.3       15.019   220.650     5.407     8.937  5950.800   192.099  9000.000  9000.000   729.580   733.550     0.00011
28.4       14.789   220.350     5.000     8.193  5540.200   193.100  9000.000  9000.000   731.790   735.710     0.00010
28.5       14.562   220.300     5.000     8.057  5533.000   194.085  9000.000  9000.000   734.900   738.850     0.00010
28.6       14.336   220.260     5.000     7.922  5525.700   195.053  9000.000  9000.000   738.000   741.990     0.00010
28.7       14.116   220.560     5.000     7.777  5509.600   196.003  9000.000  9000.000   742.280   746.340     0.00010
28.8       13.899   221.760     6.011     7.700  5540.000   196.937  9000.000  9000.000   749.630   754.110     0.00015
28.9       13.688   222.970     7.000     7.644  5584.500   197.861  9000.000  9000.000   757.020   761.960     0.00020
29.0       13.480   223.810     6.402     7.301  5416.000   198.739  9000.000  9000.000   763.160   768.170     0.00020
29.1       13.276   224.920     4.760     7.296  5495.600   199.612  9000.000  9000.000   770.300   775.120     0.00017
29.2       13.076   225.680     3.843     7.692  5882.400   200.530  9000.000  9000.000   776.240   780.960     0.00016
29.3       12.880   225.940     2.536     7.627  5921.200   201.439  9000.000  9000.000   780.500   784.850     0.00011
29.4       12.687   226.050     2.000     7.657  6035.300   202.351  9000.000  9000.000   784.250   788.460     0.00009
29.5       12.496   225.570     1.654     7.631  6106.500   203.262  9000.000  9000.000   785.950   790.050     0.00007
29.6       12.308   224.690     1.025     7.505  6097.900   204.161  9000.000  9000.000   786.270   790.120     0.00004
29.7       12.122   224.030     1.889     7.233  5967.000   205.031  9000.000  9000.000   787.360   791.480     0.00007
29.8       11.939   224.030     2.000     7.038  5895.600   205.877  9000.000  9000.000   790.810   795.000     0.00007
29.9       11.759   224.330     2.000     6.788  5773.000   206.692  9000.000  9000.000   795.300   799.560     0.00008
30.0       11.581   224.860     2.000     6.581  5682.500   207.480  9000.000  9000.000   800.660   805.010     0.00008
30.1       11.407   225.910     2.000     6.407  5616.700   208.243  9000.000  9000.000   807.850   812.350     0.00010
30.2       11.240   226.320     2.000     6.213  5527.600   208.982  9000.000  9000.000   812.850   817.450     0.00010
30.3       11.072   226.710     2.000     6.018  5435.000   209.697  9000.000  9000.000   817.760   822.450     0.00011
30.4       10.905   227.100     2.000     5.823  5339.500   210.388  9000.000  9000.000   822.670   827.450     0.00011
30.5       10.741   227.310     2.000     5.660  5270.100   211.058  9000.000  9000.000   826.930   831.790     0.00012
30.6       10.580   227.200     2.000     5.553  5248.900   211.716  9000.000  9000.000   830.100   834.990     0.00012
30.7       10.422   227.230     2.000     5.422  5202.400   212.359  9000.000  9000.000   833.740   838.690     0.00012
30.8       10.267   227.390     2.000     5.473  5331.200   213.007  9000.000  9000.000   837.930   842.950     0.00013
30.9       10.116   227.570     2.000     5.353  5291.500   213.640  9000.000  9000.000   842.200   847.300     0.00013
31.0        9.966   227.750     2.000     5.232  5250.600   214.259  9000.000  9000.000   846.470   851.650     0.00013
31.1        9.815   227.930     2.000     5.112  5208.400   214.863  9000.000  9000.000   850.750   856.010     0.00014
31.2     9000.000  9000.000  9000.000  9000.000  9000.000  9000.000  9000.000  9000.000  9000.000  9000.000  9000.00000
31.3     9000.000  9000.000  9000.000  9000.000  9000.000  9000.000  9000.000  9000.000  9000.000  9000.000  9000.00000
31.4     9000.000  9000.000  9000.000  9000.000  9000.000  9000.000  9000.000  9000.000  9000.000  9000.000  9000.00000
31.5     9000.000  9000.000  9000.000  9000.000  9000.000  9000.000  9000.000  9000.000  9000.000  9000.000  9000.00000
31.6     9000.000  9000.000  9000.000  9000.000  9000.000  9000.000  9000.000  9000.000  9000.000  9000.000  9000.00000
31.7     9000.000  9000.000  9000.000  9000.000  9000.000  9000.000  9000.000  9000.000  9000.000  9000.000  9000.00000
31.8     9000.000  9000.000  9000.000  9000.000  9000.000  9000.000  9000.000  9000.000  9000.000  9000.000  9000.00000
31.9     9000.000  9000.000  9000.000  9000.000  9000.000  9000.000  9000.000  9000.000  9000.000  9000.000  9000.00000
32.0     9000.000  9000.000  9000.000  9000.000  9000.000  9000.000  9000.000  9000.000  9000.000  9000.000  9000.00000
32.1     9000.000  9000.000  9000.000  9000.000  9000.000  9000.000  9000.000  9000.000  9000.000  9000.000  9000.00000
32.2     9000.000  9000.000  9000.000  9000.000  9000.000  9000.000  9000.000  9000.000  9000.000  9000.000  9000.00000
32.3     9000.000  9000.000  9000.000  9000.000  9000.000  9000.000  9000.000  9000.000  9000.000  9000.000  9000.00000
32.4     9000.000  9000.000  9000.000  9000.000  9000.000  9000.000  9000.000  9000.000  9000.000  9000.000  9000.00000
32.5     9000.000  9000.000  9000.000  9000.000  9000.000  9000.000  9000.000  9000.000  9000.000  9000.000  9000.00000
32.6     9000.000  9000.000  9000.000  9000.000  9000.000  9000.000  9000.000  9000.000  9000.000  9000.000  9000.00000
32.7     9000.000  9000.000  9000.000  9000.000  9000.000  9000.000  9000.000  9000.000  9000.000  9000.000  9000.00000
32.8     9000.000  9000.000  9000.000  9000.000  9000.000  9000.000  9000.000  9000.000  9000.000  9000.000  9000.00000
32.9     9000.000  9000.000  9000.000  9000.000  9000.000  9000.000  9000.000  9000.000  9000.000  9000.000  9000.00000
33.0     9000.000  9000.000  9000.000  9000.000  9000.000  9000.000  9000.000  9000.000  9000.000  9000.000  9000.00000
33.1     9000.000  9000.000  9000.000  9000.000  9000.000  9000.000  9000.000  9000.000  9000.000  9000.000  9000.00000
33.2     9000.000  9000.000  9000.000  9000.000  9000.000  9000.000  9000.000  9000.000  9000.000  9000.000  9000.00000
33.3     9000.000  9000.000  9000.000  9000.000  9000.000  9000.000  9000.000  9000.000  9000.000  9000.000  9000.00000
33.4     9000.000  9000.000  9000.000  9000.000  9000.000  9000.000  9000.000  9000.000  9000.000  9000.000  9000.00000
33.5     9000.000  9000.000  9000.000  9000.000  9000.000  9000.000  9000.000  9000.000  9000.000  9000.000  9000.00000
33.6     9000.000  9000.000  9000.000  9000.000  9000.000  9000.000  9000.000  9000.000  9000.000  9000.000  9000.00000
33.7     9000.000  9000.000  9000.000  9000.000  9000.000  9000.000  9000.000  9000.000  9000.000  9000.000  9000.00000
33.8     9000.000  9000.000  9000.000  9000.000  9000.000  9000.000  9000.000  9000.000  9000.000  9000.000  9000.00000
33.9     9000.000  9000.000  9000.000  9000.000  9000.000  9000.000  9000.000  9000.000  9000.000  9000.000  9000.00000
34.0     9000.000  9000.000  9000.000  9000.000  9000.000  9000.000  9000.000  9000.000  9000.000  9000.000  9000.00000
34.1     9000.000  9000.000  9000.000  9000.000  9000.000  9000.000  9000.000  9000.000  9000.000  9000.000  9000.00000
34.2     9000.000  9000.000  9000.000  9000.000  9000.000  9000.000  9000.000  9000.000  9000.000  9000.000  9000.00000
34.3     9000.000  9000.000  9000.000  9000.000  9000.000  9000.000  9000.000  9000.000  9000.000  9000.000  9000.00000
34.4     9000.000  9000.000  9000.000  9000.000  9000.000  9000.000  9000.000  9000.000  9000.000  9000.000  9000.00000
34.5     9000.000  9000.000  9000.000  9000.000  9000.000  9000.000  9000.000  9000.000  9000.000  9000.000  9000.00000
34.6     9000.000  9000.000  9000.000  9000.000  9000.000  9000.000  9000.000  9000.000  9000.000  9000.000  9000.00000
34.7     9000.000  9000.000  9000.000  9000.000  9000.000  9000.000  9000.000  9000.000  9000.000  9000.000  9000.00000
34.8     9000.000  9000.000  9000.000  9000.000  9000.000  9000.000  9000.000  9000.000  9000.000  9000.000  9000.00000
34.9     9000.000  9000.000  9000.000  9000.000  9000.000  9000.000  9000.000  9000.000  9000.000  9000.000  9000.00000
35.0     9000.000  9000.000  9000.000  9000.000  9000.000  9000.000  9000.000  9000.000  9000.000  9000.000  9000.00000