CR2/DMC Archive                  : http://www.cr2.cl/recursos-y-publicaciones/datos-ozonosonda/
STATION                          : Easter Island, Chile
Data Provider                    : DMC Dirección Meteorológica de Chile, GAW Program
Data Compilation                 : 26 July, 2016, by CR2 Center for Climate and Resilience Research, data interpolated every 100m
Latitude (deg)                   : -27.16
Longitude (deg)                  : -109.43
Elevation (m)                    : 41.0
Launch Date                      : 19990926 
Launch Time (UT)                 : 
Highest level reached (hPa)      : 76.325
Integrated O3 until EOF (DU)     : nan
Sonde/Sage Climatology(1988-2002): 
Sonde Instrument, SN             : SPC 6A 
Radiosonde, SN                   : Vaisala, OS815N
Solution                         : 1.0% buffered
Applied pump corrections         : 
Pump flow rate (sec/100ml)       : 9000
Background current (uA)          : 9000
Missing or bad values            : 9000
Alt       Press     Temp      RH        O3        O3        O3        u         v         Theta     Theta e   Q         
km        hPa       K         %         mPa       ppbv      DU        m/s       m/s       K         K         g/kg      
 0.0     9000.000  9000.000  9000.000  9000.000  9000.000  9000.000  9000.000  9000.000  9000.000  9000.000  9000.00000
 0.1     9000.000  9000.000  9000.000  9000.000  9000.000  9000.000  9000.000  9000.000  9000.000  9000.000  9000.00000
 0.2     9000.000  9000.000  9000.000  9000.000  9000.000  9000.000  9000.000  9000.000  9000.000  9000.000  9000.00000
 0.3      993.020  9000.000    58.000  9000.000  9000.000  9000.000  9000.000  9000.000  9000.000  9000.000  9000.00000
 0.4      981.490  9000.000    61.000  9000.000  9000.000  9000.000  9000.000  9000.000  9000.000  9000.000  9000.00000
 0.5      969.980  9000.000    63.167  9000.000  9000.000  9000.000  9000.000  9000.000  9000.000  9000.000  9000.00000
 0.6      958.600  9000.000    67.000  9000.000  9000.000  9000.000  9000.000  9000.000  9000.000  9000.000  9000.00000
 0.7      947.340  9000.000    69.625  9000.000  9000.000  9000.000  9000.000  9000.000  9000.000  9000.000  9000.00000
 0.8      936.060  9000.000    72.000  9000.000  9000.000  9000.000  9000.000  9000.000  9000.000  9000.000  9000.00000
 0.9      924.970  9000.000    76.727  9000.000  9000.000  9000.000  9000.000  9000.000  9000.000  9000.000  9000.00000
 1.0      914.000  9000.000    63.556  9000.000  9000.000  9000.000  9000.000  9000.000  9000.000  9000.000  9000.00000
 1.1      903.020  9000.000    70.000  9000.000  9000.000  9000.000  9000.000  9000.000  9000.000  9000.000  9000.00000
 1.2      892.230  9000.000    65.500  9000.000  9000.000  9000.000  9000.000  9000.000  9000.000  9000.000  9000.00000
 1.3      881.600  9000.000    63.000  9000.000  9000.000  9000.000  9000.000  9000.000  9000.000  9000.000  9000.00000
 1.4      870.900  9000.000    58.000  9000.000  9000.000  9000.000  9000.000  9000.000  9000.000  9000.000  9000.00000
 1.5      860.400  9000.000    60.000  9000.000  9000.000  9000.000  9000.000  9000.000  9000.000  9000.000  9000.00000
 1.6      850.000  9000.000    63.583  9000.000  9000.000  9000.000  9000.000  9000.000  9000.000  9000.000  9000.00000
 1.7      839.700  9000.000    56.000  9000.000  9000.000  9000.000  9000.000  9000.000  9000.000  9000.000  9000.00000
 1.8      829.500  9000.000    51.500  9000.000  9000.000  9000.000  9000.000  9000.000  9000.000  9000.000  9000.00000
 1.9      819.300  9000.000    39.800  9000.000  9000.000  9000.000  9000.000  9000.000  9000.000  9000.000  9000.00000
 2.0      809.400  9000.000    11.500  9000.000  9000.000  9000.000  9000.000  9000.000  9000.000  9000.000  9000.00000
 2.1      799.600  9000.000     6.000  9000.000  9000.000  9000.000  9000.000  9000.000  9000.000  9000.000  9000.00000
 2.2      790.000  9000.000     6.000  9000.000  9000.000  9000.000  9000.000  9000.000  9000.000  9000.000  9000.00000
 2.3      780.400  9000.000     4.000  9000.000  9000.000  9000.000  9000.000  9000.000  9000.000  9000.000  9000.00000
 2.4      770.900  9000.000     4.100  9000.000  9000.000  9000.000  9000.000  9000.000  9000.000  9000.000  9000.00000
 2.5      761.550  9000.000     7.000  9000.000  9000.000  9000.000  9000.000  9000.000  9000.000  9000.000  9000.00000
 2.6      752.340  9000.000     8.625  9000.000  9000.000  9000.000  9000.000  9000.000  9000.000  9000.000  9000.00000
 2.7      743.100  9000.000     6.000  9000.000  9000.000  9000.000  9000.000  9000.000  9000.000  9000.000  9000.00000
 2.8      734.060  9000.000     5.000  9000.000  9000.000  9000.000  9000.000  9000.000  9000.000  9000.000  9000.00000
 2.9      725.110  9000.000     4.000  9000.000  9000.000  9000.000  9000.000  9000.000  9000.000  9000.000  9000.00000
 3.0      716.240  9000.000     1.000  9000.000  9000.000  9000.000  9000.000  9000.000  9000.000  9000.000  9000.00000
 3.1      707.420  9000.000     1.000  9000.000  9000.000  9000.000  9000.000  9000.000  9000.000  9000.000  9000.00000
 3.2      698.800  9000.000     6.000  9000.000  9000.000  9000.000  9000.000  9000.000  9000.000  9000.000  9000.00000
 3.3      690.210  9000.000     4.100  9000.000  9000.000  9000.000  9000.000  9000.000  9000.000  9000.000  9000.00000
 3.4      681.660  9000.000     2.625  9000.000  9000.000  9000.000  9000.000  9000.000  9000.000  9000.000  9000.00000
 3.5      673.220  9000.000     2.000  9000.000  9000.000  9000.000  9000.000  9000.000  9000.000  9000.000  9000.00000
 3.6      664.910  9000.000     3.375  9000.000  9000.000  9000.000  9000.000  9000.000  9000.000  9000.000  9000.00000
 3.7      656.670  9000.000     9.750  9000.000  9000.000  9000.000  9000.000  9000.000  9000.000  9000.000  9000.00000
 3.8      648.500  9000.000     5.000  9000.000  9000.000  9000.000  9000.000  9000.000  9000.000  9000.000  9000.00000
 3.9      640.320  9000.000    12.000  9000.000  9000.000  9000.000  9000.000  9000.000  9000.000  9000.000  9000.00000
 4.0      632.350  9000.000    15.250  9000.000  9000.000  9000.000  9000.000  9000.000  9000.000  9000.000  9000.00000
 4.1      624.470  9000.000     9.000  9000.000  9000.000  9000.000  9000.000  9000.000  9000.000  9000.000  9000.00000
 4.2      616.710  9000.000     7.000  9000.000  9000.000  9000.000  9000.000  9000.000  9000.000  9000.000  9000.00000
 4.3      609.000  9000.000     2.500  9000.000  9000.000  9000.000  9000.000  9000.000  9000.000  9000.000  9000.00000
 4.4      601.430  9000.000     5.667  9000.000  9000.000  9000.000  9000.000  9000.000  9000.000  9000.000  9000.00000
 4.5      593.940  9000.000     1.000  9000.000  9000.000  9000.000  9000.000  9000.000  9000.000  9000.000  9000.00000
 4.6      586.530  9000.000     8.667  9000.000  9000.000  9000.000  9000.000  9000.000  9000.000  9000.000  9000.00000
 4.7      579.200  9000.000    12.000  9000.000  9000.000  9000.000  9000.000  9000.000  9000.000  9000.000  9000.00000
 4.8      571.980  9000.000    16.600  9000.000  9000.000  9000.000  9000.000  9000.000  9000.000  9000.000  9000.00000
 4.9      564.730  9000.000    16.000  9000.000  9000.000  9000.000  9000.000  9000.000  9000.000  9000.000  9000.00000
 5.0      557.650  9000.000    15.500  9000.000  9000.000  9000.000  9000.000  9000.000  9000.000  9000.000  9000.00000
 5.1      550.630  9000.000    11.333  9000.000  9000.000  9000.000  9000.000  9000.000  9000.000  9000.000  9000.00000
 5.2      543.670  9000.000     5.000  9000.000  9000.000  9000.000  9000.000  9000.000  9000.000  9000.000  9000.00000
 5.3      536.830  9000.000     5.111  9000.000  9000.000  9000.000  9000.000  9000.000  9000.000  9000.000  9000.00000
 5.4      530.040  9000.000     6.000  9000.000  9000.000  9000.000  9000.000  9000.000  9000.000  9000.000  9000.00000
 5.5      523.380  9000.000     4.500  9000.000  9000.000  9000.000  9000.000  9000.000  9000.000  9000.000  9000.00000
 5.6      516.730  9000.000     9.250  9000.000  9000.000  9000.000  9000.000  9000.000  9000.000  9000.000  9000.00000
 5.7      510.200  9000.000     7.000  9000.000  9000.000  9000.000  9000.000  9000.000  9000.000  9000.000  9000.00000
 5.8      503.700  9000.000     6.000  9000.000  9000.000  9000.000  9000.000  9000.000  9000.000  9000.000  9000.00000
 5.9      497.200  9000.000    27.000  9000.000  9000.000  9000.000  9000.000  9000.000  9000.000  9000.000  9000.00000
 6.0      490.870  9000.000    14.000  9000.000  9000.000  9000.000  9000.000  9000.000  9000.000  9000.000  9000.00000
 6.1      484.550  9000.000    17.000  9000.000  9000.000  9000.000  9000.000  9000.000  9000.000  9000.000  9000.00000
 6.2      478.230  9000.000    23.444  9000.000  9000.000  9000.000  9000.000  9000.000  9000.000  9000.000  9000.00000
 6.3      472.130  9000.000    24.750  9000.000  9000.000  9000.000  9000.000  9000.000  9000.000  9000.000  9000.00000
 6.4      466.000  9000.000    26.333  9000.000  9000.000  9000.000  9000.000  9000.000  9000.000  9000.000  9000.00000
 6.5      459.910  9000.000    23.429  9000.000  9000.000  9000.000  9000.000  9000.000  9000.000  9000.000  9000.00000
 6.6      453.900  9000.000    30.500  9000.000  9000.000  9000.000  9000.000  9000.000  9000.000  9000.000  9000.00000
 6.7      447.970  9000.000    26.364  9000.000  9000.000  9000.000  9000.000  9000.000  9000.000  9000.000  9000.00000
 6.8      442.100  9000.000    21.000  9000.000  9000.000  9000.000  9000.000  9000.000  9000.000  9000.000  9000.00000
 6.9      436.260  9000.000    22.429  9000.000  9000.000  9000.000  9000.000  9000.000  9000.000  9000.000  9000.00000
 7.0      430.550  9000.000    45.625  9000.000  9000.000  9000.000  9000.000  9000.000  9000.000  9000.000  9000.00000
 7.1      424.860  9000.000    39.571  9000.000  9000.000  9000.000  9000.000  9000.000  9000.000  9000.000  9000.00000
 7.2      419.200  9000.000    35.000  9000.000  9000.000  9000.000  9000.000  9000.000  9000.000  9000.000  9000.00000
 7.3      413.610  9000.000    35.222  9000.000  9000.000  9000.000  9000.000  9000.000  9000.000  9000.000  9000.00000
 7.4      408.070  9000.000    32.000  9000.000  9000.000  9000.000  9000.000  9000.000  9000.000  9000.000  9000.00000
 7.5      402.530  9000.000    39.000  9000.000  9000.000  9000.000  9000.000  9000.000  9000.000  9000.000  9000.00000
 7.6      397.160  9000.000    43.429  9000.000  9000.000  9000.000  9000.000  9000.000  9000.000  9000.000  9000.00000
 7.7      391.810  9000.000    52.143  9000.000  9000.000  9000.000  9000.000  9000.000  9000.000  9000.000  9000.00000
 7.8      386.420  9000.000    47.636  9000.000  9000.000  9000.000  9000.000  9000.000  9000.000  9000.000  9000.00000
 7.9      381.170  9000.000    49.571  9000.000  9000.000  9000.000  9000.000  9000.000  9000.000  9000.000  9000.00000
 8.0      375.960  9000.000    36.000  9000.000  9000.000  9000.000  9000.000  9000.000  9000.000  9000.000  9000.00000
 8.1      370.800  9000.000    46.000  9000.000  9000.000  9000.000  9000.000  9000.000  9000.000  9000.000  9000.00000
 8.2      365.700  9000.000    46.000  9000.000  9000.000  9000.000  9000.000  9000.000  9000.000  9000.000  9000.00000
 8.3      360.660  9000.000    50.000  9000.000  9000.000  9000.000  9000.000  9000.000  9000.000  9000.000  9000.00000
 8.4      355.730  9000.000    54.714  9000.000  9000.000  9000.000  9000.000  9000.000  9000.000  9000.000  9000.00000
 8.5      350.740  9000.000    51.714  9000.000  9000.000  9000.000  9000.000  9000.000  9000.000  9000.000  9000.00000
 8.6      345.810  9000.000    67.818  9000.000  9000.000  9000.000  9000.000  9000.000  9000.000  9000.000  9000.00000
 8.7      340.990  9000.000    69.714  9000.000  9000.000  9000.000  9000.000  9000.000  9000.000  9000.000  9000.00000
 8.8      336.190  9000.000    55.571  9000.000  9000.000  9000.000  9000.000  9000.000  9000.000  9000.000  9000.00000
 8.9      331.400  9000.000    68.000  9000.000  9000.000  9000.000  9000.000  9000.000  9000.000  9000.000  9000.00000
 9.0      326.760  9000.000    56.714  9000.000  9000.000  9000.000  9000.000  9000.000  9000.000  9000.000  9000.00000
 9.1      322.110  9000.000    59.000  9000.000  9000.000  9000.000  9000.000  9000.000  9000.000  9000.000  9000.00000
 9.2      317.520  9000.000    55.556  9000.000  9000.000  9000.000  9000.000  9000.000  9000.000  9000.000  9000.00000
 9.3      312.950  9000.000    60.000  9000.000  9000.000  9000.000  9000.000  9000.000  9000.000  9000.000  9000.00000
 9.4      308.400  9000.000    54.250  9000.000  9000.000  9000.000  9000.000  9000.000  9000.000  9000.000  9000.00000
 9.5      304.000  9000.000    66.750  9000.000  9000.000  9000.000  9000.000  9000.000  9000.000  9000.000  9000.00000
 9.6      299.590  9000.000    48.625  9000.000  9000.000  9000.000  9000.000  9000.000  9000.000  9000.000  9000.00000
 9.7      295.210  9000.000    39.714  9000.000  9000.000  9000.000  9000.000  9000.000  9000.000  9000.000  9000.00000
 9.8      290.880  9000.000    42.000  9000.000  9000.000  9000.000  9000.000  9000.000  9000.000  9000.000  9000.00000
 9.9      286.620  9000.000    44.556  9000.000  9000.000  9000.000  9000.000  9000.000  9000.000  9000.000  9000.00000
10.0      282.410  9000.000    40.000  9000.000  9000.000  9000.000  9000.000  9000.000  9000.000  9000.000  9000.00000
10.1      278.230  9000.000    48.500  9000.000  9000.000  9000.000  9000.000  9000.000  9000.000  9000.000  9000.00000
10.2      274.050  9000.000    48.500  9000.000  9000.000  9000.000  9000.000  9000.000  9000.000  9000.000  9000.00000
10.3      270.000  9000.000    51.000  9000.000  9000.000  9000.000  9000.000  9000.000  9000.000  9000.000  9000.00000
10.4      265.950  9000.000    50.000  9000.000  9000.000  9000.000  9000.000  9000.000  9000.000  9000.000  9000.00000
10.5      262.010  9000.000    48.000  9000.000  9000.000  9000.000  9000.000  9000.000  9000.000  9000.000  9000.00000
10.6      258.100  9000.000    47.000  9000.000  9000.000  9000.000  9000.000  9000.000  9000.000  9000.000  9000.00000
10.7      254.160  9000.000    46.600  9000.000  9000.000  9000.000  9000.000  9000.000  9000.000  9000.000  9000.00000
10.8      250.320  9000.000    46.000  9000.000  9000.000  9000.000  9000.000  9000.000  9000.000  9000.000  9000.00000
10.9      246.550  9000.000    45.000  9000.000  9000.000  9000.000  9000.000  9000.000  9000.000  9000.000  9000.00000
11.0      242.760  9000.000    44.000  9000.000  9000.000  9000.000  9000.000  9000.000  9000.000  9000.000  9000.00000
11.1      239.010  9000.000    46.000  9000.000  9000.000  9000.000  9000.000  9000.000  9000.000  9000.000  9000.00000
11.2      235.360  9000.000    44.000  9000.000  9000.000  9000.000  9000.000  9000.000  9000.000  9000.000  9000.00000
11.3      231.800  9000.000    46.000  9000.000  9000.000  9000.000  9000.000  9000.000  9000.000  9000.000  9000.00000
11.4      228.250  9000.000    42.500  9000.000  9000.000  9000.000  9000.000  9000.000  9000.000  9000.000  9000.00000
11.5      224.730  9000.000    40.000  9000.000  9000.000  9000.000  9000.000  9000.000  9000.000  9000.000  9000.00000
11.6      221.280  9000.000    38.000  9000.000  9000.000  9000.000  9000.000  9000.000  9000.000  9000.000  9000.00000
11.7      217.890  9000.000    36.000  9000.000  9000.000  9000.000  9000.000  9000.000  9000.000  9000.000  9000.00000
11.8      214.460  9000.000    36.000  9000.000  9000.000  9000.000  9000.000  9000.000  9000.000  9000.000  9000.00000
11.9      211.130  9000.000    40.000  9000.000  9000.000  9000.000  9000.000  9000.000  9000.000  9000.000  9000.00000
12.0      207.810  9000.000    36.000  9000.000  9000.000  9000.000  9000.000  9000.000  9000.000  9000.000  9000.00000
12.1      204.560  9000.000    34.000  9000.000  9000.000  9000.000  9000.000  9000.000  9000.000  9000.000  9000.00000
12.2      201.350  9000.000    34.000  9000.000  9000.000  9000.000  9000.000  9000.000  9000.000  9000.000  9000.00000
12.3      198.230  9000.000    37.000  9000.000  9000.000  9000.000  9000.000  9000.000  9000.000  9000.000  9000.00000
12.4      195.070  9000.000    35.000  9000.000  9000.000  9000.000  9000.000  9000.000  9000.000  9000.000  9000.00000
12.5      192.030  9000.000    39.000  9000.000  9000.000  9000.000  9000.000  9000.000  9000.000  9000.000  9000.00000
12.6      189.050  9000.000    39.000  9000.000  9000.000  9000.000  9000.000  9000.000  9000.000  9000.000  9000.00000
12.7      186.090  9000.000    35.625  9000.000  9000.000  9000.000  9000.000  9000.000  9000.000  9000.000  9000.00000
12.8      183.160  9000.000    35.000  9000.000  9000.000  9000.000  9000.000  9000.000  9000.000  9000.000  9000.00000
12.9      180.250  9000.000    35.500  9000.000  9000.000  9000.000  9000.000  9000.000  9000.000  9000.000  9000.00000
13.0      177.370  9000.000    35.000  9000.000  9000.000  9000.000  9000.000  9000.000  9000.000  9000.000  9000.00000
13.1      174.540  9000.000    35.000  9000.000  9000.000  9000.000  9000.000  9000.000  9000.000  9000.000  9000.00000
13.2      171.820  9000.000    35.000  9000.000  9000.000  9000.000  9000.000  9000.000  9000.000  9000.000  9000.00000
13.3      169.070  9000.000    33.556  9000.000  9000.000  9000.000  9000.000  9000.000  9000.000  9000.000  9000.00000
13.4      166.340  9000.000    30.000  9000.000  9000.000  9000.000  9000.000  9000.000  9000.000  9000.000  9000.00000
13.5      163.720  9000.000    31.000  9000.000  9000.000  9000.000  9000.000  9000.000  9000.000  9000.000  9000.00000
13.6      161.030  9000.000    31.000  9000.000  9000.000  9000.000  9000.000  9000.000  9000.000  9000.000  9000.00000
13.7      158.470  9000.000    31.000  9000.000  9000.000  9000.000  9000.000  9000.000  9000.000  9000.000  9000.00000
13.8      155.900  9000.000    31.000  9000.000  9000.000  9000.000  9000.000  9000.000  9000.000  9000.000  9000.00000
13.9      153.440  9000.000    32.286  9000.000  9000.000  9000.000  9000.000  9000.000  9000.000  9000.000  9000.00000
14.0      150.900  9000.000    33.000  9000.000  9000.000  9000.000  9000.000  9000.000  9000.000  9000.000  9000.00000
14.1      148.520  9000.000    32.000  9000.000  9000.000  9000.000  9000.000  9000.000  9000.000  9000.000  9000.00000
14.2      146.100  9000.000    31.000  9000.000  9000.000  9000.000  9000.000  9000.000  9000.000  9000.000  9000.00000
14.3      143.700  9000.000    33.000  9000.000  9000.000  9000.000  9000.000  9000.000  9000.000  9000.000  9000.00000
14.4      141.370  9000.000    31.000  9000.000  9000.000  9000.000  9000.000  9000.000  9000.000  9000.000  9000.00000
14.5      139.130  9000.000    30.000  9000.000  9000.000  9000.000  9000.000  9000.000  9000.000  9000.000  9000.00000
14.6      136.880  9000.000    30.125  9000.000  9000.000  9000.000  9000.000  9000.000  9000.000  9000.000  9000.00000
14.7      134.630  9000.000    31.000  9000.000  9000.000  9000.000  9000.000  9000.000  9000.000  9000.000  9000.00000
14.8      132.500  9000.000    30.000  9000.000  9000.000  9000.000  9000.000  9000.000  9000.000  9000.000  9000.00000
14.9      130.320  9000.000    29.000  9000.000  9000.000  9000.000  9000.000  9000.000  9000.000  9000.000  9000.00000
15.0      128.150  9000.000    31.000  9000.000  9000.000  9000.000  9000.000  9000.000  9000.000  9000.000  9000.00000
15.1      126.100  9000.000    31.000  9000.000  9000.000  9000.000  9000.000  9000.000  9000.000  9000.000  9000.00000
15.2      124.000  9000.000    29.000  9000.000  9000.000  9000.000  9000.000  9000.000  9000.000  9000.000  9000.00000
15.3      121.960  9000.000    26.000  9000.000  9000.000  9000.000  9000.000  9000.000  9000.000  9000.000  9000.00000
15.4      119.930  9000.000    25.000  9000.000  9000.000  9000.000  9000.000  9000.000  9000.000  9000.000  9000.00000
15.5      117.960  9000.000    27.000  9000.000  9000.000  9000.000  9000.000  9000.000  9000.000  9000.000  9000.00000
15.6      116.040  9000.000    30.444  9000.000  9000.000  9000.000  9000.000  9000.000  9000.000  9000.000  9000.00000
15.7      114.080  9000.000    27.000  9000.000  9000.000  9000.000  9000.000  9000.000  9000.000  9000.000  9000.00000
15.8      112.270  9000.000    25.000  9000.000  9000.000  9000.000  9000.000  9000.000  9000.000  9000.000  9000.00000
15.9      110.380  9000.000    25.000  9000.000  9000.000  9000.000  9000.000  9000.000  9000.000  9000.000  9000.00000
16.0      108.610  9000.000    25.000  9000.000  9000.000  9000.000  9000.000  9000.000  9000.000  9000.000  9000.00000
16.1      106.810  9000.000    25.000  9000.000  9000.000  9000.000  9000.000  9000.000  9000.000  9000.000  9000.00000
16.2      105.050  9000.000    25.000  9000.000  9000.000  9000.000  9000.000  9000.000  9000.000  9000.000  9000.00000
16.3      103.300  9000.000    27.000  9000.000  9000.000  9000.000  9000.000  9000.000  9000.000  9000.000  9000.00000
16.4      101.630  9000.000    27.000  9000.000  9000.000  9000.000  9000.000  9000.000  9000.000  9000.000  9000.00000
16.5       99.888  9000.000    28.000  9000.000  9000.000  9000.000  9000.000  9000.000  9000.000  9000.000  9000.00000
16.6       98.267  9000.000    27.000  9000.000  9000.000  9000.000  9000.000  9000.000  9000.000  9000.000  9000.00000
16.7       96.644  9000.000    27.000  9000.000  9000.000  9000.000  9000.000  9000.000  9000.000  9000.000  9000.00000
16.8       95.033  9000.000    27.000  9000.000  9000.000  9000.000  9000.000  9000.000  9000.000  9000.000  9000.00000
16.9       93.475  9000.000    26.000  9000.000  9000.000  9000.000  9000.000  9000.000  9000.000  9000.000  9000.00000
17.0       91.888  9000.000    25.875  9000.000  9000.000  9000.000  9000.000  9000.000  9000.000  9000.000  9000.00000
17.1       90.350  9000.000    26.000  9000.000  9000.000  9000.000  9000.000  9000.000  9000.000  9000.000  9000.00000
17.2       88.840  9000.000    27.000  9000.000  9000.000  9000.000  9000.000  9000.000  9000.000  9000.000  9000.00000
17.3       87.400  9000.000    27.000  9000.000  9000.000  9000.000  9000.000  9000.000  9000.000  9000.000  9000.00000
17.4       85.900  9000.000    25.000  9000.000  9000.000  9000.000  9000.000  9000.000  9000.000  9000.000  9000.00000
17.5       84.450  9000.000    25.000  9000.000  9000.000  9000.000  9000.000  9000.000  9000.000  9000.000  9000.00000
17.6       83.040  9000.000    22.000  9000.000  9000.000  9000.000  9000.000  9000.000  9000.000  9000.000  9000.00000
17.7       81.625  9000.000    22.000  9000.000  9000.000  9000.000  9000.000  9000.000  9000.000  9000.000  9000.00000
17.8       80.325  9000.000    23.000  9000.000  9000.000  9000.000  9000.000  9000.000  9000.000  9000.000  9000.00000
17.9       78.950  9000.000    24.000  9000.000  9000.000  9000.000  9000.000  9000.000  9000.000  9000.000  9000.00000
18.0       77.633  9000.000    25.000  9000.000  9000.000  9000.000  9000.000  9000.000  9000.000  9000.000  9000.00000
18.1       76.325  9000.000    24.000  9000.000  9000.000  9000.000  9000.000  9000.000  9000.000  9000.000  9000.00000
18.2     9000.000  9000.000  9000.000  9000.000  9000.000  9000.000  9000.000  9000.000  9000.000  9000.000  9000.00000
18.3     9000.000  9000.000  9000.000  9000.000  9000.000  9000.000  9000.000  9000.000  9000.000  9000.000  9000.00000
18.4     9000.000  9000.000  9000.000  9000.000  9000.000  9000.000  9000.000  9000.000  9000.000  9000.000  9000.00000
18.5     9000.000  9000.000  9000.000  9000.000  9000.000  9000.000  9000.000  9000.000  9000.000  9000.000  9000.00000
18.6     9000.000  9000.000  9000.000  9000.000  9000.000  9000.000  9000.000  9000.000  9000.000  9000.000  9000.00000
18.7     9000.000  9000.000  9000.000  9000.000  9000.000  9000.000  9000.000  9000.000  9000.000  9000.000  9000.00000
18.8     9000.000  9000.000  9000.000  9000.000  9000.000  9000.000  9000.000  9000.000  9000.000  9000.000  9000.00000
18.9     9000.000  9000.000  9000.000  9000.000  9000.000  9000.000  9000.000  9000.000  9000.000  9000.000  9000.00000
19.0     9000.000  9000.000  9000.000  9000.000  9000.000  9000.000  9000.000  9000.000  9000.000  9000.000  9000.00000
19.1     9000.000  9000.000  9000.000  9000.000  9000.000  9000.000  9000.000  9000.000  9000.000  9000.000  9000.00000
19.2     9000.000  9000.000  9000.000  9000.000  9000.000  9000.000  9000.000  9000.000  9000.000  9000.000  9000.00000
19.3     9000.000  9000.000  9000.000  9000.000  9000.000  9000.000  9000.000  9000.000  9000.000  9000.000  9000.00000
19.4     9000.000  9000.000  9000.000  9000.000  9000.000  9000.000  9000.000  9000.000  9000.000  9000.000  9000.00000
19.5     9000.000  9000.000  9000.000  9000.000  9000.000  9000.000  9000.000  9000.000  9000.000  9000.000  9000.00000
19.6     9000.000  9000.000  9000.000  9000.000  9000.000  9000.000  9000.000  9000.000  9000.000  9000.000  9000.00000
19.7     9000.000  9000.000  9000.000  9000.000  9000.000  9000.000  9000.000  9000.000  9000.000  9000.000  9000.00000
19.8     9000.000  9000.000  9000.000  9000.000  9000.000  9000.000  9000.000  9000.000  9000.000  9000.000  9000.00000
19.9     9000.000  9000.000  9000.000  9000.000  9000.000  9000.000  9000.000  9000.000  9000.000  9000.000  9000.00000
20.0     9000.000  9000.000  9000.000  9000.000  9000.000  9000.000  9000.000  9000.000  9000.000  9000.000  9000.00000
20.1     9000.000  9000.000  9000.000  9000.000  9000.000  9000.000  9000.000  9000.000  9000.000  9000.000  9000.00000
20.2     9000.000  9000.000  9000.000  9000.000  9000.000  9000.000  9000.000  9000.000  9000.000  9000.000  9000.00000
20.3     9000.000  9000.000  9000.000  9000.000  9000.000  9000.000  9000.000  9000.000  9000.000  9000.000  9000.00000
20.4     9000.000  9000.000  9000.000  9000.000  9000.000  9000.000  9000.000  9000.000  9000.000  9000.000  9000.00000
20.5     9000.000  9000.000  9000.000  9000.000  9000.000  9000.000  9000.000  9000.000  9000.000  9000.000  9000.00000
20.6     9000.000  9000.000  9000.000  9000.000  9000.000  9000.000  9000.000  9000.000  9000.000  9000.000  9000.00000
20.7     9000.000  9000.000  9000.000  9000.000  9000.000  9000.000  9000.000  9000.000  9000.000  9000.000  9000.00000
20.8     9000.000  9000.000  9000.000  9000.000  9000.000  9000.000  9000.000  9000.000  9000.000  9000.000  9000.00000
20.9     9000.000  9000.000  9000.000  9000.000  9000.000  9000.000  9000.000  9000.000  9000.000  9000.000  9000.00000
21.0     9000.000  9000.000  9000.000  9000.000  9000.000  9000.000  9000.000  9000.000  9000.000  9000.000  9000.00000
21.1     9000.000  9000.000  9000.000  9000.000  9000.000  9000.000  9000.000  9000.000  9000.000  9000.000  9000.00000
21.2     9000.000  9000.000  9000.000  9000.000  9000.000  9000.000  9000.000  9000.000  9000.000  9000.000  9000.00000
21.3     9000.000  9000.000  9000.000  9000.000  9000.000  9000.000  9000.000  9000.000  9000.000  9000.000  9000.00000
21.4     9000.000  9000.000  9000.000  9000.000  9000.000  9000.000  9000.000  9000.000  9000.000  9000.000  9000.00000
21.5     9000.000  9000.000  9000.000  9000.000  9000.000  9000.000  9000.000  9000.000  9000.000  9000.000  9000.00000
21.6     9000.000  9000.000  9000.000  9000.000  9000.000  9000.000  9000.000  9000.000  9000.000  9000.000  9000.00000
21.7     9000.000  9000.000  9000.000  9000.000  9000.000  9000.000  9000.000  9000.000  9000.000  9000.000  9000.00000
21.8     9000.000  9000.000  9000.000  9000.000  9000.000  9000.000  9000.000  9000.000  9000.000  9000.000  9000.00000
21.9     9000.000  9000.000  9000.000  9000.000  9000.000  9000.000  9000.000  9000.000  9000.000  9000.000  9000.00000
22.0     9000.000  9000.000  9000.000  9000.000  9000.000  9000.000  9000.000  9000.000  9000.000  9000.000  9000.00000
22.1     9000.000  9000.000  9000.000  9000.000  9000.000  9000.000  9000.000  9000.000  9000.000  9000.000  9000.00000
22.2     9000.000  9000.000  9000.000  9000.000  9000.000  9000.000  9000.000  9000.000  9000.000  9000.000  9000.00000
22.3     9000.000  9000.000  9000.000  9000.000  9000.000  9000.000  9000.000  9000.000  9000.000  9000.000  9000.00000
22.4     9000.000  9000.000  9000.000  9000.000  9000.000  9000.000  9000.000  9000.000  9000.000  9000.000  9000.00000
22.5     9000.000  9000.000  9000.000  9000.000  9000.000  9000.000  9000.000  9000.000  9000.000  9000.000  9000.00000
22.6     9000.000  9000.000  9000.000  9000.000  9000.000  9000.000  9000.000  9000.000  9000.000  9000.000  9000.00000
22.7     9000.000  9000.000  9000.000  9000.000  9000.000  9000.000  9000.000  9000.000  9000.000  9000.000  9000.00000
22.8     9000.000  9000.000  9000.000  9000.000  9000.000  9000.000  9000.000  9000.000  9000.000  9000.000  9000.00000
22.9     9000.000  9000.000  9000.000  9000.000  9000.000  9000.000  9000.000  9000.000  9000.000  9000.000  9000.00000
23.0     9000.000  9000.000  9000.000  9000.000  9000.000  9000.000  9000.000  9000.000  9000.000  9000.000  9000.00000
23.1     9000.000  9000.000  9000.000  9000.000  9000.000  9000.000  9000.000  9000.000  9000.000  9000.000  9000.00000
23.2     9000.000  9000.000  9000.000  9000.000  9000.000  9000.000  9000.000  9000.000  9000.000  9000.000  9000.00000
23.3     9000.000  9000.000  9000.000  9000.000  9000.000  9000.000  9000.000  9000.000  9000.000  9000.000  9000.00000
23.4     9000.000  9000.000  9000.000  9000.000  9000.000  9000.000  9000.000  9000.000  9000.000  9000.000  9000.00000
23.5     9000.000  9000.000  9000.000  9000.000  9000.000  9000.000  9000.000  9000.000  9000.000  9000.000  9000.00000
23.6     9000.000  9000.000  9000.000  9000.000  9000.000  9000.000  9000.000  9000.000  9000.000  9000.000  9000.00000
23.7     9000.000  9000.000  9000.000  9000.000  9000.000  9000.000  9000.000  9000.000  9000.000  9000.000  9000.00000
23.8     9000.000  9000.000  9000.000  9000.000  9000.000  9000.000  9000.000  9000.000  9000.000  9000.000  9000.00000
23.9     9000.000  9000.000  9000.000  9000.000  9000.000  9000.000  9000.000  9000.000  9000.000  9000.000  9000.00000
24.0     9000.000  9000.000  9000.000  9000.000  9000.000  9000.000  9000.000  9000.000  9000.000  9000.000  9000.00000
24.1     9000.000  9000.000  9000.000  9000.000  9000.000  9000.000  9000.000  9000.000  9000.000  9000.000  9000.00000
24.2     9000.000  9000.000  9000.000  9000.000  9000.000  9000.000  9000.000  9000.000  9000.000  9000.000  9000.00000
24.3     9000.000  9000.000  9000.000  9000.000  9000.000  9000.000  9000.000  9000.000  9000.000  9000.000  9000.00000
24.4     9000.000  9000.000  9000.000  9000.000  9000.000  9000.000  9000.000  9000.000  9000.000  9000.000  9000.00000
24.5     9000.000  9000.000  9000.000  9000.000  9000.000  9000.000  9000.000  9000.000  9000.000  9000.000  9000.00000
24.6     9000.000  9000.000  9000.000  9000.000  9000.000  9000.000  9000.000  9000.000  9000.000  9000.000  9000.00000
24.7     9000.000  9000.000  9000.000  9000.000  9000.000  9000.000  9000.000  9000.000  9000.000  9000.000  9000.00000
24.8     9000.000  9000.000  9000.000  9000.000  9000.000  9000.000  9000.000  9000.000  9000.000  9000.000  9000.00000
24.9     9000.000  9000.000  9000.000  9000.000  9000.000  9000.000  9000.000  9000.000  9000.000  9000.000  9000.00000
25.0     9000.000  9000.000  9000.000  9000.000  9000.000  9000.000  9000.000  9000.000  9000.000  9000.000  9000.00000
25.1     9000.000  9000.000  9000.000  9000.000  9000.000  9000.000  9000.000  9000.000  9000.000  9000.000  9000.00000
25.2     9000.000  9000.000  9000.000  9000.000  9000.000  9000.000  9000.000  9000.000  9000.000  9000.000  9000.00000
25.3     9000.000  9000.000  9000.000  9000.000  9000.000  9000.000  9000.000  9000.000  9000.000  9000.000  9000.00000
25.4     9000.000  9000.000  9000.000  9000.000  9000.000  9000.000  9000.000  9000.000  9000.000  9000.000  9000.00000
25.5     9000.000  9000.000  9000.000  9000.000  9000.000  9000.000  9000.000  9000.000  9000.000  9000.000  9000.00000
25.6     9000.000  9000.000  9000.000  9000.000  9000.000  9000.000  9000.000  9000.000  9000.000  9000.000  9000.00000
25.7     9000.000  9000.000  9000.000  9000.000  9000.000  9000.000  9000.000  9000.000  9000.000  9000.000  9000.00000
25.8     9000.000  9000.000  9000.000  9000.000  9000.000  9000.000  9000.000  9000.000  9000.000  9000.000  9000.00000
25.9     9000.000  9000.000  9000.000  9000.000  9000.000  9000.000  9000.000  9000.000  9000.000  9000.000  9000.00000
26.0     9000.000  9000.000  9000.000  9000.000  9000.000  9000.000  9000.000  9000.000  9000.000  9000.000  9000.00000
26.1     9000.000  9000.000  9000.000  9000.000  9000.000  9000.000  9000.000  9000.000  9000.000  9000.000  9000.00000
26.2     9000.000  9000.000  9000.000  9000.000  9000.000  9000.000  9000.000  9000.000  9000.000  9000.000  9000.00000
26.3     9000.000  9000.000  9000.000  9000.000  9000.000  9000.000  9000.000  9000.000  9000.000  9000.000  9000.00000
26.4     9000.000  9000.000  9000.000  9000.000  9000.000  9000.000  9000.000  9000.000  9000.000  9000.000  9000.00000
26.5     9000.000  9000.000  9000.000  9000.000  9000.000  9000.000  9000.000  9000.000  9000.000  9000.000  9000.00000
26.6     9000.000  9000.000  9000.000  9000.000  9000.000  9000.000  9000.000  9000.000  9000.000  9000.000  9000.00000
26.7     9000.000  9000.000  9000.000  9000.000  9000.000  9000.000  9000.000  9000.000  9000.000  9000.000  9000.00000
26.8     9000.000  9000.000  9000.000  9000.000  9000.000  9000.000  9000.000  9000.000  9000.000  9000.000  9000.00000
26.9     9000.000  9000.000  9000.000  9000.000  9000.000  9000.000  9000.000  9000.000  9000.000  9000.000  9000.00000
27.0     9000.000  9000.000  9000.000  9000.000  9000.000  9000.000  9000.000  9000.000  9000.000  9000.000  9000.00000
27.1     9000.000  9000.000  9000.000  9000.000  9000.000  9000.000  9000.000  9000.000  9000.000  9000.000  9000.00000
27.2     9000.000  9000.000  9000.000  9000.000  9000.000  9000.000  9000.000  9000.000  9000.000  9000.000  9000.00000
27.3     9000.000  9000.000  9000.000  9000.000  9000.000  9000.000  9000.000  9000.000  9000.000  9000.000  9000.00000
27.4     9000.000  9000.000  9000.000  9000.000  9000.000  9000.000  9000.000  9000.000  9000.000  9000.000  9000.00000
27.5     9000.000  9000.000  9000.000  9000.000  9000.000  9000.000  9000.000  9000.000  9000.000  9000.000  9000.00000
27.6     9000.000  9000.000  9000.000  9000.000  9000.000  9000.000  9000.000  9000.000  9000.000  9000.000  9000.00000
27.7     9000.000  9000.000  9000.000  9000.000  9000.000  9000.000  9000.000  9000.000  9000.000  9000.000  9000.00000
27.8     9000.000  9000.000  9000.000  9000.000  9000.000  9000.000  9000.000  9000.000  9000.000  9000.000  9000.00000
27.9     9000.000  9000.000  9000.000  9000.000  9000.000  9000.000  9000.000  9000.000  9000.000  9000.000  9000.00000
28.0     9000.000  9000.000  9000.000  9000.000  9000.000  9000.000  9000.000  9000.000  9000.000  9000.000  9000.00000
28.1     9000.000  9000.000  9000.000  9000.000  9000.000  9000.000  9000.000  9000.000  9000.000  9000.000  9000.00000
28.2     9000.000  9000.000  9000.000  9000.000  9000.000  9000.000  9000.000  9000.000  9000.000  9000.000  9000.00000
28.3     9000.000  9000.000  9000.000  9000.000  9000.000  9000.000  9000.000  9000.000  9000.000  9000.000  9000.00000
28.4     9000.000  9000.000  9000.000  9000.000  9000.000  9000.000  9000.000  9000.000  9000.000  9000.000  9000.00000
28.5     9000.000  9000.000  9000.000  9000.000  9000.000  9000.000  9000.000  9000.000  9000.000  9000.000  9000.00000
28.6     9000.000  9000.000  9000.000  9000.000  9000.000  9000.000  9000.000  9000.000  9000.000  9000.000  9000.00000
28.7     9000.000  9000.000  9000.000  9000.000  9000.000  9000.000  9000.000  9000.000  9000.000  9000.000  9000.00000
28.8     9000.000  9000.000  9000.000  9000.000  9000.000  9000.000  9000.000  9000.000  9000.000  9000.000  9000.00000
28.9     9000.000  9000.000  9000.000  9000.000  9000.000  9000.000  9000.000  9000.000  9000.000  9000.000  9000.00000
29.0     9000.000  9000.000  9000.000  9000.000  9000.000  9000.000  9000.000  9000.000  9000.000  9000.000  9000.00000
29.1     9000.000  9000.000  9000.000  9000.000  9000.000  9000.000  9000.000  9000.000  9000.000  9000.000  9000.00000
29.2     9000.000  9000.000  9000.000  9000.000  9000.000  9000.000  9000.000  9000.000  9000.000  9000.000  9000.00000
29.3     9000.000  9000.000  9000.000  9000.000  9000.000  9000.000  9000.000  9000.000  9000.000  9000.000  9000.00000
29.4     9000.000  9000.000  9000.000  9000.000  9000.000  9000.000  9000.000  9000.000  9000.000  9000.000  9000.00000
29.5     9000.000  9000.000  9000.000  9000.000  9000.000  9000.000  9000.000  9000.000  9000.000  9000.000  9000.00000
29.6     9000.000  9000.000  9000.000  9000.000  9000.000  9000.000  9000.000  9000.000  9000.000  9000.000  9000.00000
29.7     9000.000  9000.000  9000.000  9000.000  9000.000  9000.000  9000.000  9000.000  9000.000  9000.000  9000.00000
29.8     9000.000  9000.000  9000.000  9000.000  9000.000  9000.000  9000.000  9000.000  9000.000  9000.000  9000.00000
29.9     9000.000  9000.000  9000.000  9000.000  9000.000  9000.000  9000.000  9000.000  9000.000  9000.000  9000.00000
30.0     9000.000  9000.000  9000.000  9000.000  9000.000  9000.000  9000.000  9000.000  9000.000  9000.000  9000.00000
30.1     9000.000  9000.000  9000.000  9000.000  9000.000  9000.000  9000.000  9000.000  9000.000  9000.000  9000.00000
30.2     9000.000  9000.000  9000.000  9000.000  9000.000  9000.000  9000.000  9000.000  9000.000  9000.000  9000.00000
30.3     9000.000  9000.000  9000.000  9000.000  9000.000  9000.000  9000.000  9000.000  9000.000  9000.000  9000.00000
30.4     9000.000  9000.000  9000.000  9000.000  9000.000  9000.000  9000.000  9000.000  9000.000  9000.000  9000.00000
30.5     9000.000  9000.000  9000.000  9000.000  9000.000  9000.000  9000.000  9000.000  9000.000  9000.000  9000.00000
30.6     9000.000  9000.000  9000.000  9000.000  9000.000  9000.000  9000.000  9000.000  9000.000  9000.000  9000.00000
30.7     9000.000  9000.000  9000.000  9000.000  9000.000  9000.000  9000.000  9000.000  9000.000  9000.000  9000.00000
30.8     9000.000  9000.000  9000.000  9000.000  9000.000  9000.000  9000.000  9000.000  9000.000  9000.000  9000.00000
30.9     9000.000  9000.000  9000.000  9000.000  9000.000  9000.000  9000.000  9000.000  9000.000  9000.000  9000.00000
31.0     9000.000  9000.000  9000.000  9000.000  9000.000  9000.000  9000.000  9000.000  9000.000  9000.000  9000.00000
31.1     9000.000  9000.000  9000.000  9000.000  9000.000  9000.000  9000.000  9000.000  9000.000  9000.000  9000.00000
31.2     9000.000  9000.000  9000.000  9000.000  9000.000  9000.000  9000.000  9000.000  9000.000  9000.000  9000.00000
31.3     9000.000  9000.000  9000.000  9000.000  9000.000  9000.000  9000.000  9000.000  9000.000  9000.000  9000.00000
31.4     9000.000  9000.000  9000.000  9000.000  9000.000  9000.000  9000.000  9000.000  9000.000  9000.000  9000.00000
31.5     9000.000  9000.000  9000.000  9000.000  9000.000  9000.000  9000.000  9000.000  9000.000  9000.000  9000.00000
31.6     9000.000  9000.000  9000.000  9000.000  9000.000  9000.000  9000.000  9000.000  9000.000  9000.000  9000.00000
31.7     9000.000  9000.000  9000.000  9000.000  9000.000  9000.000  9000.000  9000.000  9000.000  9000.000  9000.00000
31.8     9000.000  9000.000  9000.000  9000.000  9000.000  9000.000  9000.000  9000.000  9000.000  9000.000  9000.00000
31.9     9000.000  9000.000  9000.000  9000.000  9000.000  9000.000  9000.000  9000.000  9000.000  9000.000  9000.00000
32.0     9000.000  9000.000  9000.000  9000.000  9000.000  9000.000  9000.000  9000.000  9000.000  9000.000  9000.00000
32.1     9000.000  9000.000  9000.000  9000.000  9000.000  9000.000  9000.000  9000.000  9000.000  9000.000  9000.00000
32.2     9000.000  9000.000  9000.000  9000.000  9000.000  9000.000  9000.000  9000.000  9000.000  9000.000  9000.00000
32.3     9000.000  9000.000  9000.000  9000.000  9000.000  9000.000  9000.000  9000.000  9000.000  9000.000  9000.00000
32.4     9000.000  9000.000  9000.000  9000.000  9000.000  9000.000  9000.000  9000.000  9000.000  9000.000  9000.00000
32.5     9000.000  9000.000  9000.000  9000.000  9000.000  9000.000  9000.000  9000.000  9000.000  9000.000  9000.00000
32.6     9000.000  9000.000  9000.000  9000.000  9000.000  9000.000  9000.000  9000.000  9000.000  9000.000  9000.00000
32.7     9000.000  9000.000  9000.000  9000.000  9000.000  9000.000  9000.000  9000.000  9000.000  9000.000  9000.00000
32.8     9000.000  9000.000  9000.000  9000.000  9000.000  9000.000  9000.000  9000.000  9000.000  9000.000  9000.00000
32.9     9000.000  9000.000  9000.000  9000.000  9000.000  9000.000  9000.000  9000.000  9000.000  9000.000  9000.00000
33.0     9000.000  9000.000  9000.000  9000.000  9000.000  9000.000  9000.000  9000.000  9000.000  9000.000  9000.00000
33.1     9000.000  9000.000  9000.000  9000.000  9000.000  9000.000  9000.000  9000.000  9000.000  9000.000  9000.00000
33.2     9000.000  9000.000  9000.000  9000.000  9000.000  9000.000  9000.000  9000.000  9000.000  9000.000  9000.00000
33.3     9000.000  9000.000  9000.000  9000.000  9000.000  9000.000  9000.000  9000.000  9000.000  9000.000  9000.00000
33.4     9000.000  9000.000  9000.000  9000.000  9000.000  9000.000  9000.000  9000.000  9000.000  9000.000  9000.00000
33.5     9000.000  9000.000  9000.000  9000.000  9000.000  9000.000  9000.000  9000.000  9000.000  9000.000  9000.00000
33.6     9000.000  9000.000  9000.000  9000.000  9000.000  9000.000  9000.000  9000.000  9000.000  9000.000  9000.00000
33.7     9000.000  9000.000  9000.000  9000.000  9000.000  9000.000  9000.000  9000.000  9000.000  9000.000  9000.00000
33.8     9000.000  9000.000  9000.000  9000.000  9000.000  9000.000  9000.000  9000.000  9000.000  9000.000  9000.00000
33.9     9000.000  9000.000  9000.000  9000.000  9000.000  9000.000  9000.000  9000.000  9000.000  9000.000  9000.00000
34.0     9000.000  9000.000  9000.000  9000.000  9000.000  9000.000  9000.000  9000.000  9000.000  9000.000  9000.00000
34.1     9000.000  9000.000  9000.000  9000.000  9000.000  9000.000  9000.000  9000.000  9000.000  9000.000  9000.00000
34.2     9000.000  9000.000  9000.000  9000.000  9000.000  9000.000  9000.000  9000.000  9000.000  9000.000  9000.00000
34.3     9000.000  9000.000  9000.000  9000.000  9000.000  9000.000  9000.000  9000.000  9000.000  9000.000  9000.00000
34.4     9000.000  9000.000  9000.000  9000.000  9000.000  9000.000  9000.000  9000.000  9000.000  9000.000  9000.00000
34.5     9000.000  9000.000  9000.000  9000.000  9000.000  9000.000  9000.000  9000.000  9000.000  9000.000  9000.00000
34.6     9000.000  9000.000  9000.000  9000.000  9000.000  9000.000  9000.000  9000.000  9000.000  9000.000  9000.00000
34.7     9000.000  9000.000  9000.000  9000.000  9000.000  9000.000  9000.000  9000.000  9000.000  9000.000  9000.00000
34.8     9000.000  9000.000  9000.000  9000.000  9000.000  9000.000  9000.000  9000.000  9000.000  9000.000  9000.00000
34.9     9000.000  9000.000  9000.000  9000.000  9000.000  9000.000  9000.000  9000.000  9000.000  9000.000  9000.00000
35.0     9000.000  9000.000  9000.000  9000.000  9000.000  9000.000  9000.000  9000.000  9000.000  9000.000  9000.00000