CR2/DMC Archive                  : http://www.cr2.cl/recursos-y-publicaciones/datos-ozonosonda/
STATION                          : Easter Island, Chile
Data Provider                    : DMC Dirección Meteorológica de Chile, GAW Program
Data Compilation                 : 26 July, 2016, by CR2 Center for Climate and Resilience Research, data interpolated every 100m
Latitude (deg)                   : -27.16
Longitude (deg)                  : -109.43
Elevation (m)                    : 41.0
Launch Date                      : 19960913 
Launch Time (UT)                 : 
Highest level reached (hPa)      : 5.751
Integrated O3 until EOF (DU)     : 254.379
Sonde/Sage Climatology(1988-2002): 
Sonde Instrument, SN             : SPC 6A 
Radiosonde, SN                   : Vaisala, CCE64B
Solution                         : 1.0% buffered
Applied pump corrections         : 
Pump flow rate (sec/100ml)       : 9000
Background current (uA)          : 9000
Missing or bad values            : 9000
Alt       Press     Temp      RH        O3        O3        O3        u         v         Theta     Theta e   Q         
km        hPa       K         %         mPa       ppbv      DU        m/s       m/s       K         K         g/kg      
 0.0     9000.000  9000.000  9000.000  9000.000   9000.000 9000.000  9000.000  9000.000  9000.000  9000.000  9000.00000
 0.1     9000.000  9000.000  9000.000  9000.000   9000.000 9000.000  9000.000  9000.000  9000.000  9000.000  9000.00000
 0.2     9000.000  9000.000  9000.000  9000.000   9000.000 9000.000  9000.000  9000.000  9000.000  9000.000  9000.00000
 0.3      990.440   288.620    75.195     2.410     24.330    0.225  9000.000  9000.000   289.410   309.630     0.00843
 0.4      978.840   287.730    78.800     2.400     24.519    0.449  9000.000  9000.000   289.490   309.790     0.00844
 0.5      967.420   287.160    79.000     2.500     25.842    0.684  9000.000  9000.000   289.880   309.800     0.00825
 0.6      956.050   286.670    76.613     2.400     25.103    0.909  9000.000  9000.000   290.370   309.360     0.00784
 0.7      944.730   286.050    75.667     2.500     26.462    1.145  9000.000  9000.000   290.720   309.000     0.00752
 0.8      933.510   285.160    80.935     2.500     26.781    1.381  9000.000  9000.000   290.800   309.520     0.00767
 0.9      922.430   284.370    85.250     2.500     27.102    1.617  9000.000  9000.000   290.980   309.970     0.00775
 1.0      911.420   283.670    89.278     2.472     27.125    1.852  9000.000  9000.000   291.260   310.540     0.00784
 1.1      900.570   282.840    93.000     2.490     27.653    2.089  9000.000  9000.000   291.400   310.690     0.00782
 1.2      889.750   282.480    93.000     2.400     26.974    2.318  9000.000  9000.000   292.040   311.170     0.00772
 1.3      879.110   282.160    93.000     2.353     26.762    2.542  9000.000  9000.000   292.700   311.700     0.00765
 1.4      868.590   281.630    93.000     2.300     26.480    2.762  9000.000  9000.000   293.170   311.800     0.00747
 1.5      858.230   281.200    93.000     2.300     26.799    2.983  9000.000  9000.000   293.720   312.090     0.00734
 1.6      847.870   280.790    92.000     2.300     27.127    3.203  9000.000  9000.000   294.300   312.250     0.00714
 1.7      837.610   280.270    91.000     2.300     27.459    3.424  9000.000  9000.000   294.780   312.190     0.00690
 1.8      827.500   280.460    42.857     2.754     33.284    3.689  9000.000  9000.000   296.010   304.450     0.00332
 1.9      817.500   281.640    29.789     3.147     38.500    3.989  9000.000  9000.000   298.280   304.790     0.00254
 2.0      807.710   282.360    21.818     3.306     40.931    4.305  9000.000  9000.000   300.060   305.160     0.00198
 2.1      798.020   283.270    16.833     3.500     43.859    4.637  9000.000  9000.000   302.070   306.340     0.00165
 2.2      788.420   283.530    13.000     3.600     45.661    4.979  9000.000  9000.000   303.390   306.820     0.00131
 2.3      778.960   283.380     9.700     3.530     45.317    5.315  9000.000  9000.000   304.280   306.870     0.00098
 2.4      769.640   283.030     6.219     3.600     46.775    5.657  9000.000  9000.000   304.940   306.620     0.00062
 2.5      760.460   283.210     4.806     3.419     44.966    5.982  9000.000  9000.000   306.180   307.540     0.00049
 2.6      751.370   284.070     4.343     3.700     49.243    6.333  9000.000  9000.000   308.160   309.490     0.00048
 2.7      742.420   283.730     7.059     3.700     49.837    6.684  9000.000  9000.000   308.850   310.940     0.00077
 2.8      733.470   283.250     8.861     3.700     50.445    7.036  9000.000  9000.000   309.400   311.960     0.00094
 2.9      724.680   282.960     7.059     3.700     51.057    7.388  9000.000  9000.000   310.140   312.200     0.00075
 3.0      715.990   282.260     7.000     3.700     51.677    7.741  9000.000  9000.000   310.440   312.420     0.00071
 3.1      707.350   281.850     6.595     3.670     51.888    8.092  9000.000  9000.000   311.060   312.920     0.00066
 3.2      698.860   282.000     1.000     3.800     54.374    8.454  9000.000  9000.000   312.300   312.690     0.00010
 3.3      690.380   281.760     4.000     3.653     52.909    8.804  9000.000  9000.000   313.120   314.320     0.00041
 3.4      682.080   280.960     6.000     3.469     50.862    9.136  9000.000  9000.000   313.310   315.000     0.00059
 3.5      673.820   280.240     7.031     3.400     50.459    9.463  9000.000  9000.000   313.600   315.500     0.00066
 3.6      665.620   279.490     9.000     3.300     49.578    9.781  9000.000  9000.000   313.850   316.170     0.00082
 3.7      657.650   278.680     9.000     3.200     48.658   10.090  9000.000  9000.000   314.010   316.250     0.00078
 3.8      649.590   277.940     9.641     3.064     47.170   10.387  9000.000  9000.000   314.280   316.600     0.00080
 3.9      641.660   277.170    10.000     2.805     43.719   10.659  9000.000  9000.000   314.500   316.810     0.00080
 4.0      633.810   276.390    10.882     2.512     39.630   10.904  9000.000  9000.000   314.720   317.130     0.00083
 4.1      625.980   275.790    11.000     2.300     36.742   11.128  9000.000  9000.000   315.160   317.540     0.00082
 4.2      618.290   275.150    11.000     2.433     39.342   11.366  9000.000  9000.000   315.540   317.860     0.00079
 4.3      610.640   274.410    11.857     2.400     39.303   11.602  9000.000  9000.000   315.800   318.210     0.00082
 4.4      603.070   273.550    11.667     2.333     38.691   11.832  9000.000  9000.000   315.930   318.210     0.00076
 4.5      595.550   272.730    13.000     2.400     40.299   12.069  9000.000  9000.000   316.120   318.540     0.00081
 4.6      588.140   271.920    12.359     2.436     41.417   12.310  9000.000  9000.000   316.300   318.530     0.00074
 4.7      580.790   271.090    11.000     2.468     42.488   12.555  9000.000  9000.000   316.460   318.380     0.00062
 4.8      573.460   270.620     7.000     2.185     38.102   12.772  9000.000  9000.000   317.060   318.330     0.00039
 4.9      566.290   270.150     4.282     1.928     34.050   12.964  9000.000  9000.000   317.650   318.490     0.00023
 5.0      559.220   269.780     5.000     1.900     33.976   13.154  9000.000  9000.000   318.350   319.300     0.00027
 5.1      552.180   269.280     5.085     1.891     34.255   13.343  9000.000  9000.000   318.910   319.850     0.00027
 5.2      545.220   269.330     3.000     2.100     38.517   13.553  9000.000  9000.000   320.130   320.780     0.00016
 5.3      538.320   269.070     7.258     2.200     40.868   13.773  9000.000  9000.000   320.970   322.270     0.00038
 5.4      531.560   268.430    11.105     2.300     43.269   14.004  9000.000  9000.000   321.370   323.200     0.00056
 5.5      524.820   268.050    11.683     2.400     45.730   14.245  9000.000  9000.000   322.080   323.970     0.00058
 5.6      518.160   267.290    10.297     2.300     44.388   14.477  9000.000  9000.000   322.340   323.980     0.00049
 5.7      511.550   266.510     9.378     2.319     45.331   14.711  9000.000  9000.000   322.570   324.030     0.00043
 5.8      505.030   265.920    13.333     2.367     46.862   14.951  9000.000  9000.000   323.040   324.970     0.00059
 5.9      498.550   265.000    24.000     2.317     46.468   15.186  9000.000  9000.000   323.110   326.250     0.00100
 6.0      492.170   264.390    33.405     2.300     46.732   15.420  9000.000  9000.000   323.550   327.710     0.00134
 6.1      485.850   263.670    33.000     2.211     45.517   15.646  9000.000  9000.000   323.860   327.830     0.00127
 6.2      479.610   262.970    28.512     2.274     47.422   15.879  9000.000  9000.000   324.200   327.540     0.00105
 6.3      473.360   262.120    31.000     2.293     48.451   16.115  9000.000  9000.000   324.360   327.810     0.00108
 6.4      467.260   261.550    31.000     2.200     47.083   16.341  9000.000  9000.000   324.850   328.220     0.00105
 6.5      461.170   260.440    30.486     2.100     45.536   16.558  9000.000  9000.000   324.680   327.790     0.00096
 6.6      455.250   259.910    22.857     2.100     46.129   16.776  9000.000  9000.000   325.220   327.560     0.00069
 6.7      449.290   259.350    21.478     2.100     46.740   16.994  9000.000  9000.000   325.730   327.890     0.00063
 6.8      443.400   258.450    21.000     2.000     45.106   17.202  9000.000  9000.000   325.820   327.850     0.00058
 6.9      437.560   257.580    22.000     2.000     45.708   17.411  9000.000  9000.000   325.960   327.970     0.00057
 7.0      431.780   256.650    24.250     1.900     44.004   17.611  9000.000  9000.000   326.010   328.090     0.00059
 7.1      426.040   255.820    26.000     1.900     44.596   17.811  9000.000  9000.000   326.200   328.320     0.00060
 7.2      420.380   255.020    25.000     1.875     44.603   18.009  9000.000  9000.000   326.430   328.390     0.00055
 7.3      414.760   253.960    27.000     1.800     43.399   18.200  9000.000  9000.000   326.310   328.290     0.00055
 7.4      409.240   253.050    28.929     1.800     43.984   18.391  9000.000  9000.000   326.390   328.380     0.00055
 7.5      403.700   252.070    32.333     1.800     44.588   18.583  9000.000  9000.000   326.380   328.460     0.00057
 7.6      398.280   251.350    34.337     1.800     45.194   18.776  9000.000  9000.000   326.710   328.810     0.00058
 7.7      392.890   250.610    37.395     1.813     46.150   18.971  9000.000  9000.000   327.010   329.190     0.00060
 7.8      387.540   249.750    39.721     1.891     48.787   19.175  9000.000  9000.000   327.170   329.360     0.00060
 7.9      382.280   249.130    42.614     1.813     47.422   19.371  9000.000  9000.000   327.620   329.880     0.00061
 8.0      377.080   248.370    48.400     1.830     48.531   19.569  9000.000  9000.000   327.910   330.320     0.00066
 8.1      371.920   247.730    50.310     1.800     48.398   19.765  9000.000  9000.000   328.340   330.760     0.00066
 8.2      366.810   246.910    51.640     1.700     46.345   19.950  9000.000  9000.000   328.550   330.900     0.00063
 8.3      361.750   246.480    45.346     1.600     44.229   20.125  9000.000  9000.000   329.280   331.350     0.00054
 8.4      356.780   245.750    45.971     1.568     43.938   20.297  9000.000  9000.000   329.600   331.630     0.00052
 8.5      351.940   244.800    50.674     1.500     42.621   20.462  9000.000  9000.000   329.600   331.680     0.00053
 8.6      347.020   243.970    51.000     1.460     42.073   20.623  9000.000  9000.000   329.810   331.800     0.00050
 8.7      342.200   243.180    52.061     1.447     42.284   20.783  9000.000  9000.000   330.060   332.000     0.00049
 8.8      337.430   242.420    55.300     1.500     44.454   20.950  9000.000  9000.000   330.340   332.290     0.00049
 8.9      332.740   241.610    56.002     1.489     44.747   21.116  9000.000  9000.000   330.560   332.450     0.00047
 9.0      328.160   240.840    52.882     1.454     44.315   21.278  9000.000  9000.000   330.850   332.610     0.00042
 9.1      323.590   240.080    49.763     1.420     43.871   21.437  9000.000  9000.000   331.140   332.770     0.00038
 9.2      319.010   239.320    46.643     1.385     43.413   21.593  9000.000  9000.000   331.440   332.930     0.00034
 9.3      314.430   238.560    43.523     1.350     42.943   21.746  9000.000  9000.000   331.730   333.090     0.00029
 9.4      309.860   237.790    40.404     1.316     42.458   21.895  9000.000  9000.000   332.020   333.250     0.00025
 9.5      305.360   236.980    38.000     1.265     41.413   22.038  9000.000  9000.000   332.240   333.370     0.00022
 9.6      300.980   236.260    38.718     1.272     42.255   22.183  9000.000  9000.000   332.610   333.720     0.00021
 9.7      296.650   235.330    38.615     1.300     43.823   22.332  9000.000  9000.000   332.670   333.730     0.00019
 9.8      292.350   234.500    35.133     1.387     47.431   22.491  9000.000  9000.000   332.870   333.840     0.00016
 9.9      288.120   233.820    33.095     1.400     48.591   22.652  9000.000  9000.000   333.290   334.210     0.00015
10.0      283.920   233.080    33.150     1.400     49.309   22.814  9000.000  9000.000   333.620   334.520     0.00014
10.1      279.790   232.140    36.537     1.400     50.038   22.977  9000.000  9000.000   333.660   334.570     0.00014
10.2      275.690   231.200    39.000     1.327     48.144   23.131  9000.000  9000.000   333.720   334.630     0.00014
10.3      271.640   230.310    40.000     1.400     51.539   23.295  9000.000  9000.000   333.830   334.720     0.00013
10.4      267.620   229.380    40.914     1.400     52.313   23.459  9000.000  9000.000   333.900   334.770     0.00012
10.5      263.640   228.560    41.000     1.224     46.414   23.603  9000.000  9000.000   334.120   334.970     0.00011
10.6      259.710   227.710    41.000     1.200     46.205   23.745  9000.000  9000.000   334.320   335.140     0.00010
10.7      255.860   227.070    37.182     1.173     45.834   23.884  9000.000  9000.000   334.800   335.580     0.00009
10.8      252.110   226.190    32.207     1.100     43.631   24.015  9000.000  9000.000   334.910   335.630     0.00007
10.9      248.340   225.560    29.027     1.197     48.212   24.158  9000.000  9000.000   335.410   336.100     0.00006
11.0      244.590   224.760    24.067     1.100     44.974   24.290  9000.000  9000.000   335.670   336.320     0.00005
11.1      240.880   224.020    20.000     1.200     49.817   24.434  9000.000  9000.000   336.020   336.640     0.00004
11.2      237.240   223.170    20.000     1.245     52.465   24.584  9000.000  9000.000   336.210   336.820     0.00003
11.3      233.610   222.760    20.000     1.207     51.660   24.730  9000.000  9000.000   337.060   337.680     0.00003
11.4      230.040   221.970    20.000     1.300     56.512   24.888  9000.000  9000.000   337.350   337.970     0.00003
11.5      226.520   221.330    20.000     1.300     57.390   25.046  9000.000  9000.000   337.860   338.470     0.00003
11.6      223.050   220.970    20.000     1.400     62.765   25.217  9000.000  9000.000   338.790   339.400     0.00003
11.7      219.620   220.290    19.600     1.400     63.746   25.388  9000.000  9000.000   339.250   339.860     0.00003
11.8      216.230   219.410    19.000     1.400     64.745   25.560  9000.000  9000.000   339.390   340.000     0.00002
11.9      212.900   218.650    18.000     1.320     62.001   25.722  9000.000  9000.000   339.710   340.320     0.00002
12.0      209.580   217.800    18.000     1.300     62.030   25.883  9000.000  9000.000   339.910   340.520     0.00002
12.1      206.300   217.180    18.000     1.300     63.014   26.044  9000.000  9000.000   340.470   341.090     0.00002
12.2      203.090   216.170    18.000     1.300     64.012   26.206  9000.000  9000.000   340.410   341.020     0.00002
12.3      199.880   215.310    18.000     1.200     60.035   26.356  9000.000  9000.000   340.590   341.200     0.00001
12.4      196.730   214.390    18.000     1.200     60.998   26.507  9000.000  9000.000   340.680   341.290     0.00001
12.5      193.590   213.580    18.000     1.200     61.985   26.658  9000.000  9000.000   340.940   341.550     0.00001
12.6      190.520   212.810    19.000     1.200     62.986   26.810  9000.000  9000.000   341.260   341.880     0.00001
12.7      187.490   212.010    19.000     1.200     64.003   26.962  9000.000  9000.000   341.550   342.170     0.00001
12.8      184.470   211.380    19.000     1.300     70.470   27.128  9000.000  9000.000   342.110   342.730     0.00001
12.9      181.510   211.150    19.000     1.359     74.854   27.301  9000.000  9000.000   343.310   343.950     0.00001
13.0      178.600   212.050    18.500     1.500     83.987   27.492  9000.000  9000.000   346.360   347.010     0.00001
13.1      175.740   211.770    17.071     1.500     85.352   27.682  9000.000  9000.000   347.500   348.150     0.00001
13.2      172.930   211.150    15.755     1.476     85.321   27.871  9000.000  9000.000   348.080   348.730     0.00001
13.3      170.140   210.510    14.000     1.400     82.285   28.050  9000.000  9000.000   348.630   349.290     0.00001
13.4      167.400   209.930    13.450     1.400     83.635   28.229  9000.000  9000.000   349.290   349.950     0.00001
13.5      164.680   209.270    13.000     1.500     91.085   28.422  9000.000  9000.000   349.810   350.480     0.00001
13.6      162.010   208.520    12.113     1.400     86.412   28.603  9000.000  9000.000   350.180   350.850     0.00000
13.7      159.390   207.650    12.000     1.400     87.836   28.785  9000.000  9000.000   350.350   351.020     0.00000
13.8      156.780   206.800    12.000     1.400     89.296   28.967  9000.000  9000.000   350.570   351.250     0.00000
13.9      154.190   206.450    11.000     1.456     94.419   29.157  9000.000  9000.000   351.640   352.320     0.00000
14.0      151.750   206.630    11.000     1.580    104.140   29.363  9000.000  9000.000   353.540   354.230     0.00000
14.1      149.270   206.840    11.000     1.600    107.190   29.571  9000.000  9000.000   355.570   356.270     0.00000
14.2      146.830   206.640    11.000     1.600    108.970   29.779  9000.000  9000.000   356.890   357.600     0.00000
14.3      144.400   206.010    10.000     1.690    117.070   30.000  9000.000  9000.000   357.500   358.220     0.00000
14.4      142.030   205.620    10.000     1.600    112.660   30.210  9000.000  9000.000   358.510   359.230     0.00000
14.5      139.680   205.110     9.000     1.600    114.540   30.420  9000.000  9000.000   359.330   360.060     0.00000
14.6      137.380   204.230     9.000     1.686    122.720   30.642  9000.000  9000.000   359.480   360.220     0.00000
14.7      135.100   203.850     9.000     1.700    125.830   30.867  9000.000  9000.000   360.520   361.270     0.00000
14.8      132.850   203.620     8.000     1.600    120.440   31.078  9000.000  9000.000   361.850   362.610     0.00000
14.9      130.630   203.310     8.000     1.663    127.310   31.299  9000.000  9000.000   363.040   363.800     0.00000
15.0      128.460   203.450     8.000     1.654    128.790   31.518  9000.000  9000.000   365.020   365.790     0.00000
15.1      126.310   203.810     8.000     1.800    142.510   31.755  9000.000  9000.000   367.430   368.210     0.00000
15.2      124.220   204.280     7.000     2.000    161.010   32.019  9000.000  9000.000   370.030   370.820     0.00000
15.3      122.150   204.620     7.000     2.126    174.060   32.299  9000.000  9000.000   372.430   373.240     0.00000
15.4      120.120   204.550     7.000     2.200    183.150   32.588  9000.000  9000.000   374.080   374.890     0.00000
15.5      118.140   204.840     6.000     2.208    186.920   32.879  9000.000  9000.000   376.390   377.210     0.00000
15.6      116.190   204.790     6.000     2.300    197.960   33.181  9000.000  9000.000   378.080   378.920     0.00000
15.7      114.260   205.270     6.000     2.360    206.500   33.491  9000.000  9000.000   380.780   381.630     0.00000
15.8      112.390   205.750     6.000     2.400    213.550   33.805  9000.000  9000.000   383.480   384.340     0.00000
15.9      110.530   205.580     5.130     2.313    209.260   34.108  9000.000  9000.000   384.970   385.840     0.00000
16.0      108.710   205.040     5.000     2.210    203.320   34.398  9000.000  9000.000   385.790   386.670     0.00000
16.1      106.910   204.950     4.607     2.200    205.780   34.687  9000.000  9000.000   387.460   388.350     0.00000
16.2      105.140   205.030     4.000     2.200    209.240   34.976  9000.000  9000.000   389.450   390.350     0.00000
16.3      103.410   205.370     4.000     2.119    204.900   35.254  9000.000  9000.000   391.950   392.860     0.00000
16.4      101.690   205.250     4.000     2.189    215.310   35.541  9000.000  9000.000   393.600   394.520     0.00000
16.5      100.000   204.360     4.000     2.116    211.550   35.820  9000.000  9000.000   393.760   394.690     0.00000
16.6       98.350   203.430     3.000     2.189    222.560   36.109  9000.000  9000.000   393.840   394.770     0.00000
16.7       96.700   202.650     3.000     2.100    217.170   36.388  9000.000  9000.000   394.220   395.160     0.00000
16.8       95.078   201.590     3.000     1.977    207.940   36.652  9000.000  9000.000   394.050   395.000     0.00000
16.9       93.478   201.120     2.763     1.924    205.800   36.910  9000.000  9000.000   395.050   396.000     0.00000
17.0       91.895   201.340     2.043     1.996    217.170   37.177  9000.000  9000.000   397.390   398.360     0.00000
17.1       90.355   202.610     2.000     2.186    241.930   37.467  9000.000  9000.000   401.840   402.820     0.00000
17.2       88.848   202.690     3.000     2.182    245.530   37.757  9000.000  9000.000   403.920   404.920     0.00000
17.3       87.363   202.210     3.000     2.200    251.820   38.050  9000.000  9000.000   404.910   405.920     0.00000
17.4       85.888   201.870     2.125     2.300    267.790   38.357  9000.000  9000.000   406.200   407.220     0.00000
17.5       84.447   201.750     2.000     2.400    284.200   38.677  9000.000  9000.000   407.910   408.940     0.00000
17.6       83.029   201.930     2.000     2.459    296.150   39.005  9000.000  9000.000   410.240   411.290     0.00000
17.7       81.636   202.500     2.000     2.600    318.490   39.351  9000.000  9000.000   413.400   414.460     0.00000
17.8       80.271   202.550     2.000     2.700    336.360   39.710  9000.000  9000.000   415.490   416.560     0.00000
17.9       78.925   202.630     2.000     2.775    351.600   40.078  9000.000  9000.000   417.650   418.730     0.00000
18.0       77.609   203.500     2.000     3.361    433.050   40.523  9000.000  9000.000   421.460   422.560     0.00000
18.1       76.313   203.850     2.000     3.995    523.520   41.051  9000.000  9000.000   424.220   425.330     0.00000
18.2       75.038   203.560     2.000     4.381    583.820   41.630  9000.000  9000.000   425.660   426.790     0.00000
18.3       73.787   203.590     2.000     4.706    637.810   42.253  9000.000  9000.000   427.760   428.900     0.00000
18.4       72.563   204.020     2.000     4.835    666.260   42.891  9000.000  9000.000   430.710   431.870     0.00000
18.5       71.356   203.950     2.000     5.149    721.620   43.571  9000.000  9000.000   432.630   433.800     0.00000
18.6       70.165   203.880     2.000     5.300    755.370   44.271  9000.000  9000.000   434.560   435.740     0.00000
18.7       69.000   203.950     2.000     5.500    797.100   44.997  9000.000  9000.000   436.780   437.980     0.00000
18.8       67.855   203.740     1.454     5.446    802.520   45.716  9000.000  9000.000   438.420   439.630     0.00000
18.9       66.722   203.980     1.000     5.300    794.340   46.416  9000.000  9000.000   441.040   442.250     0.00000
19.0       65.611   204.540     1.000     5.496    837.710   47.140  9000.000  9000.000   444.380   445.620     0.00000
19.1       64.529   205.970     1.000     6.271    971.770   47.959  9000.000  9000.000   449.600   450.860     0.00000
19.2       63.469   206.770     1.000     6.812   1073.400   48.847  9000.000  9000.000   453.500   454.780     0.00000
19.3       62.431   207.150     1.000     6.905   1106.000   49.744  9000.000  9000.000   456.460   457.750     0.00000
19.4       61.407   206.980     1.000     6.833   1112.700   50.633  9000.000  9000.000   458.250   459.560     0.00000
19.5       60.400   206.800     1.000     6.800   1125.800   51.518  9000.000  9000.000   460.010   461.320     0.00000
19.6       59.403   206.850     1.000     6.534   1100.000   52.369  9000.000  9000.000   462.300   463.630     0.00000
19.7       58.434   207.050     1.000     6.643   1136.700   53.233  9000.000  9000.000   464.920   466.270     0.00000
19.8       57.475   207.270     1.000     7.062   1228.800   54.150  9000.000  9000.000   467.630   468.990     0.00000
19.9       56.538   208.400     1.000     8.438   1492.400   55.241  9000.000  9000.000   472.370   473.760     0.00000
20.0       55.618   208.780     1.000     9.294   1671.100   56.439  9000.000  9000.000   475.440   476.840     0.00000
20.1       54.712   209.640     1.000    10.025   1832.400   57.727  9000.000  9000.000   479.640   481.070     0.00000
20.2       53.833   210.380     1.000    10.278   1909.200   59.042  9000.000  9000.000   483.600   485.050     0.00000
20.3       52.969   211.000     1.000    10.237   1932.600   60.349  9000.000  9000.000   487.270   488.740     0.00000
20.4       52.108   211.610     0.847    10.261   1969.200   61.654  9000.000  9000.000   490.930   492.410     0.00000
20.5       51.306   212.350     0.000    10.760   2097.300   63.019  9000.000  9000.000   494.830   496.330     0.00000
20.6       50.553   213.380     0.000    11.171   2209.800   64.428  9000.000  9000.000   499.320   500.840     0.00000
20.7       49.755   213.410     0.000    11.863   2384.300   65.925  9000.000  9000.000   501.660   503.190     0.00000
20.8       48.963   213.610     0.000    11.925   2435.600   67.428  9000.000  9000.000   504.430   505.980     0.00000
20.9       48.185   214.050     0.000    12.711   2637.900   69.027  9000.000  9000.000   507.780   509.350     0.00000
21.0       47.425   214.190     0.000    13.237   2791.200   70.691  9000.000  9000.000   510.410   512.000     0.00000
21.1       46.678   214.560     0.000    13.833   2963.600   72.427  9000.000  9000.000   513.620   515.220     0.00000
21.2       45.937   215.210     0.000    14.100   3069.400   74.192  9000.000  9000.000   517.530   519.160     0.00000
21.3       45.215   215.770     0.000    13.715   3033.300   75.903  9000.000  9000.000   521.230   522.870     0.00000
21.4       44.509   215.950     0.000    13.191   2963.700   77.548  9000.000  9000.000   524.000   525.660     0.00000
21.5       43.807   216.150     0.000    13.991   3193.800   79.291  9000.000  9000.000   526.850   528.530     0.00000
21.6       43.126   216.050     0.000    14.104   3270.300   81.049  9000.000  9000.000   528.990   530.680     0.00000
21.7       42.445   215.900     0.000    14.218   3349.800   82.822  9000.000  9000.000   531.000   532.710     0.00000
21.8       41.776   215.790     0.000    14.589   3492.300   84.642  9000.000  9000.000   533.160   534.880     0.00000
21.9       41.120   215.850     0.000    14.700   3574.900   86.476  9000.000  9000.000   535.710   537.450     0.00000
22.0       40.477   215.810     0.000    14.361   3547.900   88.268  9000.000  9000.000   538.030   539.790     0.00000
22.1       39.838   215.580     0.000    15.149   3802.600   90.160  9000.000  9000.000   539.870   541.640     0.00000
22.2       39.213   215.690     0.000    14.044   3581.400   91.913  9000.000  9000.000   542.610   544.400     0.00000
22.3       38.596   215.820     0.000    14.460   3746.400   93.717  9000.000  9000.000   545.390   547.200     0.00000
22.4       37.988   216.160     0.000    14.603   3844.100   95.536  9000.000  9000.000   548.710   550.530     0.00000
22.5       37.394   216.280     0.000    14.769   3949.500   97.375  9000.000  9000.000   551.500   553.340     0.00000
22.6       36.808   216.150     0.000    14.218   3862.800   99.146  9000.000  9000.000   553.650   555.510     0.00000
22.7       36.234   216.110     0.000    14.217   3923.700  100.918  9000.000  9000.000   556.020   557.900     0.00000
22.8       35.661   215.950     0.000    13.848   3883.300  102.644  9000.000  9000.000   558.140   560.040     0.00000
22.9       35.106   215.950     0.000    13.598   3873.500  104.340  9000.000  9000.000   560.650   562.560     0.00000
23.0       34.553   215.770     0.000    13.177   3813.400  105.984  9000.000  9000.000   562.700   564.630     0.00000
23.1       34.011   215.460     0.000    12.516   3680.100  107.548  9000.000  9000.000   564.430   566.380     0.00000
23.2       33.477   216.080     0.000    13.188   3939.600  109.192  9000.000  9000.000   568.650   570.610     0.00000
23.3       32.950   217.100     0.000    12.850   3899.800  110.786  9000.000  9000.000   573.900   575.900     0.00000
23.4       32.438   217.330     0.000    12.772   3937.500  112.368  9000.000  9000.000   577.090   579.100     0.00000
23.5       31.930   216.700     0.000    11.968   3748.300  113.855  9000.000  9000.000   577.980   580.010     0.00000
23.6       31.430   216.510     0.000    11.930   3795.700  115.339  9000.000  9000.000   580.080   582.130     0.00000
23.7       30.937   216.680     0.000    12.368   3998.000  116.876  9000.000  9000.000   583.170   585.240     0.00000
23.8       30.452   216.750     0.000    12.332   4049.500  118.408  9000.000  9000.000   585.980   588.070     0.00000
23.9       29.976   216.750     0.000    12.575   4194.900  119.970  9000.000  9000.000   588.620   590.720     0.00000
24.0       29.511   217.370     0.000    12.756   4322.300  121.550  9000.000  9000.000   592.950   595.080     0.00000
24.1       29.050   217.850     0.000    13.067   4498.000  123.165  9000.000  9000.000   596.920   599.070     0.00000
24.2       28.599   217.780     0.000    13.101   4581.200  124.785  9000.000  9000.000   599.400   601.580     0.00000
24.3       28.151   217.420     0.000    12.700   4511.300  126.358  9000.000  9000.000   601.090   603.280     0.00000
24.4       27.713   217.130     0.000    12.700   4582.700  127.933  9000.000  9000.000   602.970   605.180     0.00000
24.5       27.281   217.150     0.000    12.619   4625.600  129.498  9000.000  9000.000   605.750   607.970     0.00000
24.6       26.855   217.150     0.000    12.864   4790.000  131.093  9000.000  9000.000   608.470   610.710     0.00000
24.7       26.435   217.360     0.000    12.800   4842.100  132.678  9000.000  9000.000   611.790   614.060     0.00000
24.8       26.024   217.870     0.000    12.888   4952.200  134.271  9000.000  9000.000   615.980   618.270     0.00000
24.9       25.620   218.330     0.000    13.240   5167.800  135.904  9000.000  9000.000   620.040   622.350     0.00000
25.0       25.222   218.680     0.000    13.031   5166.600  137.509  9000.000  9000.000   623.810   626.150     0.00000
25.1       24.831   218.840     0.000    13.188   5310.800  139.131  9000.000  9000.000   627.040   629.400     0.00000
25.2       24.446   218.930     0.000    12.823   5245.400  140.708  9000.000  9000.000   630.100   632.480     0.00000
25.3       24.068   219.230     0.000    13.545   5627.900  142.372  9000.000  9000.000   633.770   636.170     0.00000
25.4       23.696   219.250     0.000    13.301   5612.900  144.006  9000.000  9000.000   636.640   639.060     0.00000
25.5       23.332   219.040     0.000    13.353   5722.900  145.647  9000.000  9000.000   638.870   641.320     0.00000
25.6       22.968   218.860     0.000    13.392   5830.700  147.295  9000.000  9000.000   641.180   643.650     0.00000
25.7       22.611   218.950     0.000    13.303   5883.400  148.931  9000.000  9000.000   644.310   646.800     0.00000
25.8       22.262   219.360     0.000    12.838   5766.700  150.506  9000.000  9000.000   648.400   650.920     0.00000
25.9       21.920   220.110     0.000    12.760   5821.200  152.067  9000.000  9000.000   653.500   656.040     0.00000
26.0       21.583   221.000     0.000    12.844   5951.100  153.632  9000.000  9000.000   659.030   661.610     0.00000
26.1       21.253   221.580     0.000    13.395   6302.500  155.260  9000.000  9000.000   663.670   666.270     0.00000
26.2       20.927   222.350     0.000    12.963   6194.600  156.830  9000.000  9000.000   668.920   671.550     0.00000
26.3       20.611   223.740     0.000    13.658   6626.700  158.474  9000.000  9000.000   676.040   678.720     0.00000
26.4       20.297   224.660     0.000    13.908   6852.100  160.140  9000.000  9000.000   681.760   684.460     0.00000
26.5       19.991   225.100     0.000    13.855   6930.400  161.798  9000.000  9000.000   686.080   688.820     0.00000
26.6       19.691   225.050     0.000    14.200   7211.400  163.497  9000.000  9000.000   688.870   691.630     0.00000
26.7       19.394   225.100     0.000    14.147   7294.500  165.189  9000.000  9000.000   692.030   694.810     0.00000
26.8       19.103   225.250     0.000    14.199   7432.700  166.886  9000.000  9000.000   695.460   698.270     0.00000
26.9       18.815   225.600     0.000    14.998   7971.400  168.676  9000.000  9000.000   699.580   702.410     0.00000
27.0       18.533   225.770     0.000    14.659   7909.900  170.425  9000.000  9000.000   703.130   705.990     0.00000
27.1       18.254   226.040     0.000    14.014   7677.000  172.094  9000.000  9000.000   707.020   709.910     0.00000
27.2       17.981   226.370     0.000    14.075   7827.500  173.768  9000.000  9000.000   711.080   713.990     0.00000
27.3       17.711   226.640     0.000    13.714   7743.500  175.397  9000.000  9000.000   715.000   717.940     0.00000
27.4       17.445   226.570     0.000    14.295   8194.100  177.096  9000.000  9000.000   717.860   720.820     0.00000
27.5       17.185   226.120     0.000    13.684   7962.900  178.726  9000.000  9000.000   719.520   722.500     0.00000
27.6       16.926   225.800     0.000    13.747   8122.000  180.365  9000.000  9000.000   721.620   724.620     0.00000
27.7       16.672   225.350     0.000    14.089   8450.400  182.049  9000.000  9000.000   723.280   726.300     0.00000
27.8       16.421   225.390     0.000    13.440   8184.300  183.654  9000.000  9000.000   726.540   729.590     0.00000
27.9       16.175   225.530     0.000    13.458   8320.600  185.261  9000.000  9000.000   730.150   733.220     0.00000
28.0       15.931   225.670     0.000    13.354   8382.400  186.854  9000.000  9000.000   733.770   736.860     0.00000
28.1       15.693   225.750     0.000    13.171   8393.300  188.425  9000.000  9000.000   737.160   740.280     0.00000
28.2       15.457   225.700     0.000    12.705   8219.400  189.941  9000.000  9000.000   740.210   743.350     0.00000
28.3       15.225   225.610     0.000    12.609   8281.800  191.446  9000.000  9000.000   743.120   746.290     0.00000
28.4       14.999   225.500     0.000    12.638   8425.400  192.955  9000.000  9000.000   745.970   749.170     0.00000
28.5       14.773   225.390     0.000    12.666   8573.400  194.468  9000.000  9000.000   748.830   752.040     0.00000
28.6       14.547   225.270     0.000    12.694   8726.000  195.985  9000.000  9000.000   751.680   754.920     0.00000
28.7       14.328   225.630     0.000    12.357   8623.900  197.460  9000.000  9000.000   756.120   759.390     0.00000
28.8       14.113   225.970     0.000    12.143   8604.300  198.907  9000.000  9000.000   760.550   763.850     0.00000
28.9       13.902   226.020     0.000    12.249   8811.400  200.366  9000.000  9000.000   764.010   767.340     0.00000
29.0       13.693   226.210     0.000    12.139   8865.400  201.811  9000.000  9000.000   767.930   771.280     0.00000
29.1       13.488   226.350     0.000    12.337   9146.600  203.279  9000.000  9000.000   771.710   775.090     0.00000
29.2       13.286   226.290     0.000    12.657   9526.600  204.785  9000.000  9000.000   774.830   778.240     0.00000
29.3       13.086   226.230     0.000    11.505   8791.200  206.154  9000.000  9000.000   777.950   781.390     0.00000
29.4       12.892   225.900     0.000    11.569   8974.500  207.533  9000.000  9000.000   780.170   783.630     0.00000
29.5       12.698   225.650     0.000    11.447   9014.800  208.899  9000.000  9000.000   782.650   786.130     0.00000
29.6       12.508   225.550     0.000    11.177   8936.000  210.234  9000.000  9000.000   785.690   789.200     0.00000
29.7       12.319   225.550     0.000    10.925   8868.600  211.538  9000.000  9000.000   789.090   792.630     0.00000
29.8       12.135   225.550     0.000    10.817   8914.300  212.829  9000.000  9000.000   792.510   796.080     0.00000
29.9       11.951   225.550     0.000    10.726   8974.400  214.110  9000.000  9000.000   795.940   799.530     0.00000
30.0       11.771   224.970     0.000    11.021   9362.900  215.429  9000.000  9000.000   797.320   800.930     0.00000
30.1       11.593   224.460     0.000    10.693   9223.700  216.711  9000.000  9000.000   798.990   802.620     0.00000
30.2       11.419   224.890     0.000    10.681   9353.800  217.990  9000.000  9000.000   804.000   807.660     0.00000
30.3       11.247   225.410     0.000    10.853   9650.500  219.287  9000.000  9000.000   809.340   813.040     0.00000
30.4       11.077   225.860     0.000    10.348   9341.500  220.520  9000.000  9000.000   814.450   818.190     0.00000
30.5       10.911   225.960     0.000     9.115   8353.400  221.607  9000.000  9000.000   818.320   822.090     0.00000
30.6       10.748   225.650     0.000     9.229   8586.800  222.708  9000.000  9000.000   820.710   824.510     0.00000
30.7       10.586   225.660     0.000     9.470   8945.800  223.838  9000.000  9000.000   824.330   828.150     0.00000
30.8       10.427   225.820     0.000     9.965   9557.000  225.026  9000.000  9000.000   828.470   832.320     0.00000
30.9       10.270   226.180     0.000    10.459  10184.000  226.271  9000.000  9000.000   833.370   837.250     0.00000
31.0       10.118   226.320     0.000    10.450  10328.000  227.514  9000.000  9000.000   837.500   841.420     0.00000
31.1        9.969   226.440     0.000    10.176  10208.000  228.724  9000.000  9000.000   841.590   845.540     0.00000
31.2        9.819   226.570     0.000     9.902  10084.000  229.901  9000.000  9000.000   845.670   849.660     0.00000
31.3        9.670   226.690     0.000     9.629   9957.000  231.045  9000.000  9000.000   849.760   853.780     0.00000
31.4        9.524   226.750     0.000     9.273   9736.000  232.146  9000.000  9000.000   853.610   857.660     0.00000
31.5        9.382   227.000     0.000     8.398   8950.900  233.142  9000.000  9000.000   858.230   862.320     0.00000
31.6        9.243   228.160     0.000     7.611   8233.900  234.040  9000.000  9000.000   866.330   870.470     0.00000
31.7        9.104   229.320     0.000     6.824   7495.000  234.842  9000.000  9000.000   874.430   878.620     0.00000
31.8        8.971   229.820     0.000     6.886   7676.400  235.648  9000.000  9000.000   880.110   884.340     0.00000
31.9        8.837   230.310     0.000     6.975   7892.800  236.464  9000.000  9000.000   885.730   890.000     0.00000
32.0        8.708   231.100     0.000     6.908   7932.900  237.269  9000.000  9000.000   892.490   896.810     0.00000
32.1        8.580   231.970     0.000     6.800   7925.600  238.058  9000.000  9000.000   899.630   904.000     0.00000
32.2        8.455   232.750     0.000     6.860   8113.900  238.852  9000.000  9000.000   906.470   910.880     0.00000
32.3        8.333   233.560     0.000     7.023   8427.700  239.661  9000.000  9000.000   913.440   917.900     0.00000
32.4        8.211   234.380     0.000     7.185   8750.900  240.487  9000.000  9000.000   920.410   924.920     0.00000
32.5        8.092   234.510     0.000     7.167   8857.200  241.310  9000.000  9000.000   924.760   929.300     0.00000
32.6        7.975   235.300     0.000     6.724   8431.800  242.079  9000.000  9000.000   931.760   936.350     0.00000
32.7        7.860   235.870     0.000     6.341   8067.100  242.803  9000.000  9000.000   937.860   942.490     0.00000
32.8        7.747   236.050     0.000     5.836   7533.000  243.469  9000.000  9000.000   942.460   947.130     0.00000
32.9        7.637   236.200     0.000     5.558   7277.700  244.102  9000.000  9000.000   946.960   951.660     0.00000
33.0        7.528   236.450     0.000     5.485   7286.600  244.727  9000.000  9000.000   951.900   956.640     0.00000
33.1        7.418   236.710     0.000     5.412   7295.700  245.343  9000.000  9000.000   956.830   961.620     0.00000
33.2        7.313   237.540     0.000     5.400   7384.500  245.955  9000.000  9000.000   964.120   968.950     0.00000
33.3        7.208   238.110     0.000     5.217   7237.000  246.545  9000.000  9000.000   970.400   975.280     0.00000
33.4        7.106   238.480     0.000     5.153   7251.600  247.127  9000.000  9000.000   975.910   980.830     0.00000
33.5        7.004   238.840     0.000     5.102   7284.400  247.702  9000.000  9000.000   981.360   986.330     0.00000
33.6        6.905   240.090     0.000     4.910   7110.700  248.252  9000.000  9000.000   990.510   995.540     0.00000
33.7        6.809   240.610     0.000     4.809   7062.600  248.791  9000.000  9000.000   996.690  1001.800     0.00000
33.8        6.713   241.090     0.000     4.713   7020.500  249.317  9000.000  9000.000  1002.700  1007.800     0.00000
33.9        6.618   241.150     0.000     4.536   6853.900  249.823  9000.000  9000.000  1007.000  1012.200     0.00000
34.0        6.524   241.150     0.000     4.424   6781.300  250.317  9000.000  9000.000  1011.100  1016.300     0.00000
34.1        6.434   241.500     0.000     4.356   6770.300  250.803  9000.000  9000.000  1016.700  1021.900     0.00000
34.2        6.344   241.980     0.000     4.296   6771.700  251.281  9000.000  9000.000  1022.800  1028.100     0.00000
34.3        6.255   242.460     0.000     4.236   6773.300  251.752  9000.000  9000.000  1029.000  1034.300     0.00000
34.4        6.167   243.090     0.000     4.167   6756.900  252.213  9000.000  9000.000  1035.800  1041.200     0.00000
34.5        6.082   243.970     0.000     4.082   6711.700  252.664  9000.000  9000.000  1043.700  1049.200     0.00000
34.6        5.997   244.840     0.000     3.998   6665.300  253.103  9000.000  9000.000  1051.600  1057.100     0.00000
34.7        5.913   245.720     0.000     3.913   6617.500  253.532  9000.000  9000.000  1059.600  1065.100     0.00000
34.8        5.831   246.260     0.000     3.900   6688.500  253.958  9000.000  9000.000  1066.100  1071.700     0.00000
34.9        5.751   246.600     0.000     3.851   6696.100  254.379  9000.000  9000.000  1071.800  1077.400     0.00000
35.0     9000.000  9000.000  9000.000  9000.000   9000.000 9000.000  9000.000  9000.000  9000.000  9000.000  9000.00000