CR2/DMC Archive                  : http://www.cr2.cl/recursos-y-publicaciones/datos-ozonosonda/
STATION                          : Easter Island, Chile
Data Provider                    : DMC Dirección Meteorológica de Chile, GAW Program
Data Compilation                 : 26 July, 2016, by CR2 Center for Climate and Resilience Research, data interpolated every 100m
Latitude (deg)                   : -27.16
Longitude (deg)                  : -109.43
Elevation (m)                    : 41.0
Launch Date                      : 19951209 
Launch Time (UT)                 : 
Highest level reached (hPa)      : 6.246
Integrated O3 until EOF (DU)     : 249.487
Sonde/Sage Climatology(1988-2002): 
Sonde Instrument, SN             : SPC 6A 
Radiosonde, SN                   : Vaisala, CCE64B
Solution                         : 1.0% buffered
Applied pump corrections         : 
Pump flow rate (sec/100ml)       : 9000
Background current (uA)          : 9000
Missing or bad values            : 9000
Alt       Press     Temp      RH        O3        O3        O3        u         v         Theta     Theta e   Q         
km        hPa       K         %         mPa       ppbv      DU        m/s       m/s       K         K         g/kg      
 0.0     9000.000  9000.000  9000.000  9000.000  9000.000  9000.000  9000.000  9000.000  9000.000  9000.000  9000.00000
 0.1     9000.000  9000.000  9000.000  9000.000  9000.000  9000.000  9000.000  9000.000  9000.000  9000.000  9000.00000
 0.2     9000.000  9000.000  9000.000  9000.000  9000.000  9000.000  9000.000  9000.000  9000.000  9000.000  9000.00000
 0.3      986.500   292.850    69.000     1.450    14.698     0.133  9000.000  9000.000   293.990   318.470     0.01020
 0.4      975.040   291.890    71.519     1.452    14.890     0.267  9000.000  9000.000   294.000   318.250     0.01007
 0.5      963.740   291.120    68.357     1.600    16.602     0.415  9000.000  9000.000   294.200   316.600     0.00927
 0.6      952.590   290.980    50.286     1.871    19.646     0.588  9000.000  9000.000   295.030   311.620     0.00684
 0.7      941.470   290.220    51.765     1.923    20.431     0.767  9000.000  9000.000   295.250   311.760     0.00678
 0.8      930.470   289.400    53.769     2.000    21.495     0.953  9000.000  9000.000   295.400   311.910     0.00676
 0.9      919.580   288.530    56.724     2.072    22.536     1.146  9000.000  9000.000   295.510   312.230     0.00682
 1.0      908.750   287.630    59.733     2.300    25.309     1.362  9000.000  9000.000   295.580   312.440     0.00685
 1.1      898.070   286.760    64.647     2.035    22.663     1.553  9000.000  9000.000   295.670   313.170     0.00709
 1.2      887.520   285.990    66.810     1.841    20.737     1.726  9000.000  9000.000   295.880   313.330     0.00704
 1.3      877.050   285.300    69.000     1.900    21.663     1.905  9000.000  9000.000   296.170   313.660     0.00703
 1.4      866.610   284.660    67.029     1.900    21.925     2.085  9000.000  9000.000   296.500   313.040     0.00662
 1.5      856.340   284.190    57.159     2.057    24.019     2.280  9000.000  9000.000   297.030   310.920     0.00554
 1.6      846.120   283.450    55.804     2.180    25.770     2.487  9000.000  9000.000   297.260   310.370     0.00521
 1.7      836.000   282.630    61.000     2.104    25.172     2.688  9000.000  9000.000   297.430   311.200     0.00545
 1.8      826.000   282.000    56.529     2.300    27.845     2.907  9000.000  9000.000   297.780   310.210     0.00490
 1.9      816.040   281.490    53.030     2.342    28.705     3.131  9000.000  9000.000   298.270   309.710     0.00449
 2.0      806.230   282.710    25.875     2.428    30.117     3.363  9000.000  9000.000   300.590   306.790     0.00241
 2.1      796.540   282.690    18.189     2.781    34.915     3.627  9000.000  9000.000   301.610   306.050     0.00171
 2.2      787.010   283.650    18.914     2.497    31.730     3.865  9000.000  9000.000   303.680   308.690     0.00193
 2.3      777.580   283.760    14.000     2.500    32.151     4.102  9000.000  9000.000   304.840   308.650     0.00145
 2.4      768.280   283.650     9.100     2.700    35.143     4.358  9000.000  9000.000   305.770   308.300     0.00095
 2.5      759.110   283.750     6.268     3.137    41.319     4.656  9000.000  9000.000   306.920   308.730     0.00067
 2.6      750.020   283.410     5.000     3.300    43.999     4.969  9000.000  9000.000   307.610   309.060     0.00053
 2.7      740.990   282.920     5.000     3.400    45.885     5.293  9000.000  9000.000   308.140   309.580     0.00052
 2.8      732.130   282.190    11.000     3.268    44.643     5.605  9000.000  9000.000   308.400   311.350     0.00109
 2.9      723.280   281.470    12.902     3.005    41.545     5.892  9000.000  9000.000   308.680   312.020     0.00123
 3.0      714.570   280.880    10.647     2.900    40.584     6.170  9000.000  9000.000   309.100   311.810     0.00099
 3.1      705.890   280.260    11.000     2.800    39.666     6.439  9000.000  9000.000   309.490   312.210     0.00099
 3.2      697.330   279.670    14.000     2.610    37.435     6.691  9000.000  9000.000   309.920   313.280     0.00123
 3.3      688.910   279.050    10.000     2.700    39.192     6.951  9000.000  9000.000   310.300   312.670     0.00085
 3.4      680.530   278.410    10.784     2.622    38.523     7.205  9000.000  9000.000   310.660   313.150     0.00089
 3.5      672.180   277.860    10.000     2.603    38.718     7.457  9000.000  9000.000   311.140   313.410     0.00080
 3.6      663.990   277.380    10.000     2.669    40.203     7.716  9000.000  9000.000   311.700   313.930     0.00078
 3.7      655.830   277.110     8.585     2.700    41.169     7.978  9000.000  9000.000   312.490   314.430     0.00067
 3.8      647.800   276.950     7.000     2.800    43.223     8.251  9000.000  9000.000   313.410   315.020     0.00055
 3.9      639.860   276.570     5.595     2.900    45.322     8.533  9000.000  9000.000   314.080   315.390     0.00043
 4.0      632.090   275.990     6.000     3.087    48.830     8.834  9000.000  9000.000   314.510   315.880     0.00045
 4.1      624.300   275.650     0.705     3.518    56.354     9.178  9000.000  9000.000   315.240   315.530     0.00005
 4.2      616.580   275.550     0.000     4.000    64.874     9.569  9000.000  9000.000   316.240   316.400     0.00000
 4.3      608.980   275.330     0.000     3.694    60.653     9.930  9000.000  9000.000   317.110   317.270     0.00000
 4.4      601.490   274.690     0.000     3.500    58.189    10.273  9000.000  9000.000   317.490   317.650     0.00000
 4.5      594.030   274.180     0.000     3.500    58.919    10.617  9000.000  9000.000   318.030   318.200     0.00000
 4.6      586.700   273.750     0.000     3.300    56.247    10.941  9000.000  9000.000   318.650   318.830     0.00000
 4.7      579.400   272.950     1.000     3.100    53.504    11.247  9000.000  9000.000   318.860   319.220     0.00007
 4.8      572.180   272.510     0.000     3.100    54.179    11.553  9000.000  9000.000   319.480   319.660     0.00000
 4.9      565.000   272.080     0.000     2.958    52.364    11.846  9000.000  9000.000   320.130   320.320     0.00000
 5.0      557.940   271.360     0.780     2.800    50.185    12.124  9000.000  9000.000   320.430   320.750     0.00005
 5.1      550.960   270.610     4.852     2.815    51.089    12.404  9000.000  9000.000   320.690   321.680     0.00028
 5.2      544.070   270.070     7.765     2.708    49.770    12.674  9000.000  9000.000   321.200   322.640     0.00044
 5.3      537.220   269.410     8.000     2.500    46.536    12.924  9000.000  9000.000   321.570   323.010     0.00043
 5.4      530.420   268.640     9.000     2.568    48.422    13.181  9000.000  9000.000   321.820   323.370     0.00047
 5.5      523.700   267.770     9.000     2.700    51.556    13.453  9000.000  9000.000   321.940   323.420     0.00044
 5.6      517.070   266.980    10.000     2.900    56.086    13.745  9000.000  9000.000   322.160   323.730     0.00047
 5.7      510.470   266.310     9.790     2.921    57.222    14.041  9000.000  9000.000   322.530   324.020     0.00044
 5.8      503.960   265.950     5.026     2.734    54.255    14.317  9000.000  9000.000   323.270   324.150     0.00022
 5.9      497.540   265.690     3.000     2.600    52.257    14.581  9000.000  9000.000   324.140   324.760     0.00013
 6.0      491.140   265.240     2.000     2.902    59.089    14.875  9000.000  9000.000   324.790   325.280     0.00009
 6.1      484.850   264.600     2.000     3.135    64.652    15.194  9000.000  9000.000   325.190   325.680     0.00008
 6.2      478.650   264.220     1.000     3.700    77.301    15.572  9000.000  9000.000   325.920   326.290     0.00004
 6.3      472.460   263.670     1.000     3.700    78.313    15.949  9000.000  9000.000   326.450   326.810     0.00004
 6.4      466.370   263.060     0.000     3.700    79.336    16.328  9000.000  9000.000   326.900   327.150     0.00000
 6.5      460.350   262.450     0.000     3.734    81.115    16.711  9000.000  9000.000   327.350   327.610     0.00000
 6.6      454.420   261.670     1.000     3.505    77.129    17.072  9000.000  9000.000   327.580   327.950     0.00004
 6.7      448.490   260.990     2.000     3.336    74.377    17.416  9000.000  9000.000   327.950   328.420     0.00007
 6.8      442.680   260.600     4.180     2.982    67.363    17.724  9000.000  9000.000   328.680   329.370     0.00014
 6.9      436.900   260.040     2.000     2.877    65.852    18.022  9000.000  9000.000   329.210   329.680     0.00006
 7.0      431.160   259.400     2.120     2.812    65.219    18.314  9000.000  9000.000   329.640   330.120     0.00007
 7.1      425.510   258.690     3.000     2.813    66.103    18.607  9000.000  9000.000   329.970   330.530     0.00009
 7.2      419.940   258.040     4.222     2.691    64.083    18.888  9000.000  9000.000   330.390   331.040     0.00012
 7.3      414.410   257.360    19.793     2.010    48.511    19.098  9000.000  9000.000   330.760   332.710     0.00054
 7.4      408.930   256.320    21.869     1.626    39.768    19.269  9000.000  9000.000   330.670   332.670     0.00055
 7.5      403.500   255.630    23.579     1.519    37.653    19.429  9000.000  9000.000   331.040   333.100     0.00057
 7.6      398.140   254.850    30.035     1.500    37.675    19.587  9000.000  9000.000   331.290   333.730     0.00068
 7.7      392.830   254.410    40.216     1.480    37.685    19.744  9000.000  9000.000   331.990   335.100     0.00089
 7.8      387.560   253.980    40.902     1.680    43.358    19.922  9000.000  9000.000   332.700   335.810     0.00089
 7.9      382.380   253.220    41.717     1.700    44.459    20.103  9000.000  9000.000   332.980   336.020     0.00086
 8.0      377.360   252.390    44.873     1.700    45.050    20.284  9000.000  9000.000   333.140   336.230     0.00087
 8.1      372.270   251.360    47.000     1.700    45.666    20.466  9000.000  9000.000   333.070   336.090     0.00085
 8.2      367.250   250.520    47.192     1.819    49.535    20.662  9000.000  9000.000   333.240   336.130     0.00080
 8.3      362.250   249.530    47.878     1.906    52.619    20.868  9000.000  9000.000   333.220   335.980     0.00076
 8.4      357.350   248.880    42.339     2.091    58.529    21.094  9000.000  9000.000   333.650   336.050     0.00064
 8.5      352.450   248.440    40.019     2.100    59.583    21.321  9000.000  9000.000   334.370   336.620     0.00059
 8.6      347.610   247.430    42.034     2.097    60.316    21.550  9000.000  9000.000   334.330   336.540     0.00057
 8.7      342.860   246.660    42.271     1.927    56.207    21.760  9000.000  9000.000   334.590   336.720     0.00054
 8.8      338.120   246.050    37.325     1.833    54.197    21.960  9000.000  9000.000   335.090   336.960     0.00046
 8.9      333.480   245.400    34.000     1.523    45.673    22.128  9000.000  9000.000   335.520   337.200     0.00040
 9.0      328.830   244.500    34.000     1.300    39.534    22.271  9000.000  9000.000   335.630   337.230     0.00037
 9.1      324.270   243.520    35.922     1.292    39.849    22.414  9000.000  9000.000   335.620   337.210     0.00036
 9.2      319.760   243.150    27.469     1.200    37.528    22.547  9000.000  9000.000   336.450   337.750     0.00027
 9.3      315.290   242.860    15.357     1.200    38.060    22.680  9000.000  9000.000   337.390   338.290     0.00015
 9.4      310.860   241.980    16.538     1.246    40.087    22.818  9000.000  9000.000   337.530   338.440     0.00015
 9.5      306.500   241.020    17.750     1.200    39.152    22.952  9000.000  9000.000   337.560   338.470     0.00015
 9.6      302.200   240.150    21.000     1.300    43.018    23.098  9000.000  9000.000   337.690   338.660     0.00017
 9.7      297.930   239.260    22.787     1.221    40.993    23.236  9000.000  9000.000   337.800   338.780     0.00017
 9.8      293.670   238.430    24.435     1.300    44.268    23.382  9000.000  9000.000   338.020   339.010     0.00017
 9.9      289.510   237.590    25.929     1.207    41.696    23.519  9000.000  9000.000   338.200   339.190     0.00017
10.0      285.350   236.740    26.820     1.200    42.053    23.656  9000.000  9000.000   338.380   339.360     0.00016
10.1      281.240   235.850    28.813     1.200    42.668    23.793  9000.000  9000.000   338.500   339.480     0.00016
10.2      277.180   235.070    31.938     1.200    43.293    23.930  9000.000  9000.000   338.780   339.790     0.00017
10.3      273.180   234.170    35.900     1.200    43.927    24.068  9000.000  9000.000   338.890   339.930     0.00017
10.4      269.210   233.490    40.606     1.100    40.860    24.195  9000.000  9000.000   339.310   340.410     0.00018
10.5      265.310   232.630    41.000     1.100    41.461    24.322  9000.000  9000.000   339.470   340.530     0.00017
10.6      261.420   231.640    40.957     1.100    42.077    24.450  9000.000  9000.000   339.440   340.460     0.00016
10.7      257.600   230.880    39.000     1.100    42.702    24.578  9000.000  9000.000   339.760   340.720     0.00014
10.8      253.800   230.010    36.480     1.100    43.341    24.707  9000.000  9000.000   339.920   340.830     0.00012
10.9      250.070   229.270    35.441     1.100    43.988    24.836  9000.000  9000.000   340.260   341.130     0.00011
11.0      246.330   228.470    25.048     1.100    44.655    24.966  9000.000  9000.000   340.520   341.270     0.00007
11.1      242.670   227.640    16.702     1.183    48.727    25.106  9000.000  9000.000   340.740   341.390     0.00005
11.2      239.060   226.760    13.420     1.200    50.197    25.248  9000.000  9000.000   340.870   341.490     0.00003
11.3      235.490   225.900    11.000     1.200    50.959    25.391  9000.000  9000.000   341.040   341.630     0.00003
11.4      231.940   225.020    10.350     1.135    48.936    25.527  9000.000  9000.000   341.190   341.780     0.00002
11.5      228.440   224.020    12.818     0.955    41.786    25.642  9000.000  9000.000   341.150   341.750     0.00002
11.6      224.960   223.000    15.245     0.900    40.007    25.751  9000.000  9000.000   341.080   341.700     0.00003
11.7      221.530   222.130    17.036     0.800    36.112    25.848  9000.000  9000.000   341.240   341.860     0.00003
11.8      218.140   221.230    18.000     0.800    36.673    25.945  9000.000  9000.000   341.340   341.970     0.00003
11.9      214.800   220.280    17.100     0.800    37.244    26.043  9000.000  9000.000   341.380   342.000     0.00002
12.0      211.480   219.340    15.406     0.800    37.829    26.141  9000.000  9000.000   341.440   342.050     0.00002
12.1      208.200   218.450    14.000     0.800    38.425    26.240  9000.000  9000.000   341.570   342.170     0.00002
12.2      204.970   217.560    14.000     0.800    39.031    26.339  9000.000  9000.000   341.690   342.300     0.00001
12.3      201.760   216.590    15.000     0.777    38.496    26.435  9000.000  9000.000   341.700   342.300     0.00001
12.4      198.610   215.660    15.000     0.700    35.245    26.523  9000.000  9000.000   341.770   342.380     0.00001
12.5      195.470   214.770    16.882     0.756    38.669    26.617  9000.000  9000.000   341.910   342.520     0.00001
12.6      192.370   213.930    20.000     0.700    36.388    26.705  9000.000  9000.000   342.120   342.750     0.00001
12.7      189.330   213.060    21.964     0.700    36.972    26.794  9000.000  9000.000   342.280   342.910     0.00001
12.8      186.300   212.150    23.500     0.700    37.574    26.883  9000.000  9000.000   342.390   343.020     0.00001
12.9      183.310   211.220    24.000     0.700    38.187    26.972  9000.000  9000.000   342.450   343.090     0.00001
13.0      180.360   210.280    25.000     0.662    36.690    27.057  9000.000  9000.000   342.510   343.150     0.00001
13.1      177.470   209.360    25.217     0.678    38.219    27.144  9000.000  9000.000   342.600   343.240     0.00001
13.2      174.590   208.630    26.000     0.600    34.367    27.221  9000.000  9000.000   343.000   343.640     0.00001
13.3      171.740   207.550    25.000     0.600    34.936    27.299  9000.000  9000.000   342.820   343.470     0.00001
13.4      168.920   206.630    24.000     0.600    35.521    27.377  9000.000  9000.000   342.910   343.550     0.00001
13.5      166.140   205.700    24.000     0.691    41.615    27.468  9000.000  9000.000   342.990   343.640     0.00001
13.6      163.400   205.570    24.000     0.983    60.132    27.597  9000.000  9000.000   344.400   345.060     0.00001
13.7      160.710   205.890    23.838     1.216    75.676    27.756  9000.000  9000.000   346.560   347.230     0.00001
13.8      158.050   205.170    23.000     1.396    88.296    27.939  9000.000  9000.000   346.990   347.670     0.00001
13.9      155.440   204.600    22.158     1.400    90.069    28.123  9000.000  9000.000   347.680   348.360     0.00001
14.0      152.860   203.880    21.441     1.500    98.128    28.321  9000.000  9000.000   348.120   348.800     0.00000
14.1      150.320   203.120    20.776     1.522   101.280    28.523  9000.000  9000.000   348.470   349.160     0.00000
14.2      147.800   202.250    20.000     1.600   108.250    28.736  9000.000  9000.000   348.660   349.350     0.00000
14.3      145.320   201.520    19.000     1.600   110.100    28.950  9000.000  9000.000   349.080   349.770     0.00000
14.4      142.880   200.720    18.408     1.700   118.980    29.178  9000.000  9000.000   349.370   350.070     0.00000
14.5      140.450   199.840    17.966     1.700   121.040    29.407  9000.000  9000.000   349.540   350.240     0.00000
14.6      138.070   199.090    17.000     1.700   123.130    29.637  9000.000  9000.000   349.930   350.640     0.00000
14.7      135.720   197.980    16.000     1.718   126.560    29.870  9000.000  9000.000   349.690   350.410     0.00000
14.8      133.380   197.310    15.323     1.732   129.870    30.107  9000.000  9000.000   350.230   350.960     0.00000
14.9      131.100   196.550    15.000     1.800   137.300    30.353  9000.000  9000.000   350.600   351.330     0.00000
15.0      128.820   195.880    15.000     1.836   142.530    30.606  9000.000  9000.000   351.150   351.890     0.00000
15.1      126.700   196.880    15.000     2.733   215.730    30.980  9000.000  9000.000   354.630   355.380     0.00000
15.2      124.550   199.460    15.603     3.060   245.710    31.393  9000.000  9000.000   361.040   361.820     0.00000
15.3      122.430   201.900    16.000     2.939   240.020    31.785  9000.000  9000.000   367.230   368.030     0.00000
15.4      120.380   202.850    16.000     2.570   213.490    32.126  9000.000  9000.000   370.740   371.560     0.00000
15.5      118.390   203.250    15.613     2.361   199.460    32.439  9000.000  9000.000   373.250   374.070     0.00000
15.6      116.400   203.090    14.222     2.378   204.280    32.754  9000.000  9000.000   374.760   375.600     0.00000
15.7      114.470   203.070    12.844     2.469   215.670    33.081  9000.000  9000.000   376.500   377.340     0.00000
15.8      112.550   203.200    12.000     2.286   203.150    33.384  9000.000  9000.000   378.570   379.430     0.00000
15.9      110.680   203.730    11.387     2.384   215.370    33.699  9000.000  9000.000   381.380   382.250     0.00000
16.0      108.840   204.150    11.000     2.500   229.700    34.029  9000.000  9000.000   383.980   384.870     0.00000
16.1      107.030   203.790    10.000     2.400   224.230    34.346  9000.000  9000.000   385.150   386.040     0.00000
16.2      105.250   203.350     8.825     2.300   218.530    34.651  9000.000  9000.000   386.150   387.050     0.00000
16.3      103.500   203.360     8.000     2.300   222.230    34.955  9000.000  9000.000   388.020   388.930     0.00000
16.4      101.780   203.600     7.920     2.316   227.540    35.261  9000.000  9000.000   390.330   391.250     0.00000
16.5      100.090   204.130     7.000     2.510   250.790    35.593  9000.000  9000.000   393.230   394.160     0.00000
16.6       98.438   204.020     7.000     2.563   260.400    35.931  9000.000  9000.000   394.900   395.840     0.00000
16.7       96.797   203.950     7.000     2.558   264.270    36.269  9000.000  9000.000   396.640   397.590     0.00000
16.8       95.188   203.310     6.544     2.500   262.640    36.600  9000.000  9000.000   397.290   398.250     0.00000
16.9       93.590   202.310     6.000     2.486   265.660    36.931  9000.000  9000.000   397.240   398.200     0.00000
17.0       92.016   202.250     5.018     2.498   271.500    37.263  9000.000  9000.000   399.040   400.010     0.00000
17.1       90.485   202.650     5.000     2.900   320.500    37.649  9000.000  9000.000   401.750   402.740     0.00000
17.2       88.975   202.560     5.000     3.085   346.740    38.059  9000.000  9000.000   403.500   404.500     0.00000
17.3       87.485   202.450     5.000     3.307   378.050    38.499  9000.000  9000.000   405.230   406.240     0.00000
17.4       86.027   202.710     4.000     3.800   441.720    39.003  9000.000  9000.000   407.690   408.710     0.00000
17.5       84.586   202.450     4.000     3.800   449.250    39.509  9000.000  9000.000   409.140   410.170     0.00000
17.6       83.162   202.790     4.000     4.043   486.110    40.046  9000.000  9000.000   411.820   412.870     0.00000
17.7       81.782   203.150     4.000     4.473   546.910    40.638  9000.000  9000.000   414.510   415.580     0.00000
17.8       80.420   203.220     4.000     4.938   614.060    41.293  9000.000  9000.000   416.640   417.720     0.00000
17.9       79.078   203.630     4.000     5.338   675.060    41.999  9000.000  9000.000   419.480   420.580     0.00000
18.0       77.761   203.650     4.000     5.509   708.410    42.727  9000.000  9000.000   421.540   422.650     0.00000
18.1       76.467   203.710     3.382     5.638   737.330    43.472  9000.000  9000.000   423.690   424.810     0.00000
18.2       75.202   204.080     3.000     5.683   755.720    44.222  9000.000  9000.000   426.480   427.620     0.00000
18.3       73.950   204.250     3.000     5.891   796.610    44.999  9000.000  9000.000   428.870   430.010     0.00000
18.4       72.719   204.200     3.000     6.091   837.640    45.802  9000.000  9000.000   430.840   432.000     0.00000
18.5       71.519   204.690     3.000     6.176   863.570    46.614  9000.000  9000.000   433.920   435.090     0.00000
18.6       70.338   205.190     3.000     6.981   992.430    47.530  9000.000  9000.000   437.050   438.240     0.00000
18.7       69.170   205.520     3.000     6.650   961.400    48.402  9000.000  9000.000   439.840   441.040     0.00000
18.8       68.040   205.990     3.000     6.980  1025.900    49.314  9000.000  9000.000   442.920   444.140     0.00000
18.9       66.922   206.930     3.000     7.348  1097.900    50.270  9000.000  9000.000   447.040   448.280     0.00000
19.0       65.827   207.590     3.000     7.378  1120.800    51.227  9000.000  9000.000   450.580   451.840     0.00000
19.1       64.748   208.060     3.000     7.715  1191.500    52.226  9000.000  9000.000   453.730   455.010     0.00000
19.2       63.702   208.060     3.000     7.944  1247.100    53.254  9000.000  9000.000   455.850   457.140     0.00000
19.3       62.657   207.950     2.224     7.845  1252.000    54.269  9000.000  9000.000   457.750   459.060     0.00000
19.4       61.638   207.970     2.000     7.677  1245.500    55.263  9000.000  9000.000   459.950   461.260     0.00000
19.5       60.635   208.100     2.000     7.693  1268.800    56.259  9000.000  9000.000   462.380   463.710     0.00000
19.6       59.653   208.070     2.000     7.669  1285.500    57.251  9000.000  9000.000   464.490   465.830     0.00000
19.7       58.682   207.900     2.000     7.383  1258.100    58.207  9000.000  9000.000   466.270   467.630     0.00000
19.8       57.716   208.210     2.000     7.228  1252.400    59.142  9000.000  9000.000   469.170   470.540     0.00000
19.9       56.782   208.280     2.000     7.104  1251.100    60.061  9000.000  9000.000   471.530   472.920     0.00000
20.0       55.855   208.070     2.000     7.091  1269.500    60.978  9000.000  9000.000   473.250   474.650     0.00000
20.1       54.945   208.050     2.000     7.200  1310.400    61.910  9000.000  9000.000   475.430   476.850     0.00000
20.2       54.051   208.050     2.000     6.886  1274.000    62.801  9000.000  9000.000   477.660   479.090     0.00000
20.3       53.170   208.130     2.000     7.056  1327.000    63.714  9000.000  9000.000   480.090   481.530     0.00000
20.4       52.309   208.050     1.514     7.543  1442.000    64.690  9000.000  9000.000   482.140   483.600     0.00000
20.5       51.450   208.570     1.000     8.192  1592.200    65.748  9000.000  9000.000   485.620   487.090     0.00000
20.6       50.617   208.920     1.000     8.383  1656.200    66.828  9000.000  9000.000   488.710   490.200     0.00000
20.7       49.798   209.050     1.000     8.600  1727.000    67.936  9000.000  9000.000   491.300   492.800     0.00000
20.8       48.989   209.050     1.000     8.764  1789.100    69.065  9000.000  9000.000   493.590   495.110     0.00000
20.9       48.200   209.500     1.000     9.100  1888.000    70.235  9000.000  9000.000   496.940   498.490     0.00000
21.0       47.418   209.550     1.000     9.131  1925.700    71.408  9000.000  9000.000   499.390   500.940     0.00000
21.1       46.653   209.460     1.000     9.373  2009.200    72.613  9000.000  9000.000   501.480   503.060     0.00000
21.2       45.895   210.090     1.000    10.035  2186.500    73.899  9000.000  9000.000   505.350   506.950     0.00000
21.3       45.159   210.890     1.000    10.040  2223.200    75.181  9000.000  9000.000   509.630   511.250     0.00000
21.4       44.436   211.610     1.000    10.091  2270.900    76.465  9000.000  9000.000   513.720   515.360     0.00000
21.5       43.725   211.980     1.000    11.000  2515.700    77.862  9000.000  9000.000   516.980   518.640     0.00000
21.6       43.024   212.490     1.000    11.000  2556.700    79.256  9000.000  9000.000   520.610   522.300     0.00000
21.7       42.341   212.790     1.000    11.138  2630.500    80.665  9000.000  9000.000   523.740   525.440     0.00000
21.8       41.665   212.840     1.000    11.219  2692.700    82.085  9000.000  9000.000   526.260   527.980     0.00000
21.9       41.002   212.450     1.000    10.957  2672.200    83.473  9000.000  9000.000   527.700   529.440     0.00000
22.0       40.345   212.450     1.000    11.216  2780.000    84.895  9000.000  9000.000   530.130   531.880     0.00000
22.1       39.703   212.450     1.000    11.241  2831.300    86.320  9000.000  9000.000   532.560   534.330     0.00000
22.2       39.069   212.360     1.000    11.996  3070.400    87.841  9000.000  9000.000   534.780   536.570     0.00000
22.3       38.445   212.390     1.139    11.511  2994.100    89.300  9000.000  9000.000   537.320   539.120     0.00000
22.4       37.833   212.850     1.333    12.000  3171.800    90.818  9000.000  9000.000   540.950   542.770     0.00000
22.5       37.230   213.420     1.000    12.558  3373.000    92.402  9000.000  9000.000   544.880   546.730     0.00000
22.6       36.642   214.120     0.917    12.250  3343.000    93.943  9000.000  9000.000   549.150   551.020     0.00000
22.7       36.064   214.780     0.091    12.745  3534.200    95.541  9000.000  9000.000   553.340   555.220     0.00000
22.8       35.493   215.720     0.000    13.200  3719.000    97.188  9000.000  9000.000   558.310   560.200     0.00000
22.9       34.936   216.400     0.545    13.091  3747.100    98.817  9000.000  9000.000   562.600   564.540     0.00000
23.0       34.391   216.750     0.738    13.031  3789.100   100.436  9000.000  9000.000   566.050   568.020     0.00000
23.1       33.854   217.020     0.067    13.366  3948.300   102.095  9000.000  9000.000   569.290   571.260     0.00000
23.2       33.323   217.370     0.000    12.808  3843.500   103.681  9000.000  9000.000   572.760   574.740     0.00000
23.3       32.805   217.750     0.000    12.806  3903.800   105.265  9000.000  9000.000   576.330   578.340     0.00000
23.4       32.299   218.250     0.000    12.737  3943.600   106.836  9000.000  9000.000   580.250   582.280     0.00000
23.5       31.795   218.860     0.000    12.956  4074.900   108.430  9000.000  9000.000   584.460   586.510     0.00000
23.6       31.304   219.450     0.000    13.437  4292.400   110.079  9000.000  9000.000   588.640   590.710     0.00000
23.7       30.822   219.790     0.000    13.414  4352.300   111.722  9000.000  9000.000   592.170   594.270     0.00000
23.8       30.345   220.220     0.000    13.278  4375.600   113.346  9000.000  9000.000   595.970   598.100     0.00000
23.9       29.879   220.820     0.000    13.676  4577.000   115.013  9000.000  9000.000   600.220   602.360     0.00000
24.0       29.418   220.950     0.000    13.806  4693.000   116.696  9000.000  9000.000   603.240   605.410     0.00000
24.1       28.969   220.780     0.000    13.438  4638.600   118.335  9000.000  9000.000   605.430   607.620     0.00000
24.2       28.522   221.230     0.000    13.973  4899.000   120.035  9000.000  9000.000   609.350   611.560     0.00000
24.3       28.089   221.690     0.000    13.800  4913.000   121.711  9000.000  9000.000   613.300   615.540     0.00000
24.4       27.660   222.140     0.000    13.800  4989.200   123.384  9000.000  9000.000   617.230   619.490     0.00000
24.5       27.238   223.090     0.000    13.841  5081.500   125.055  9000.000  9000.000   622.610   624.900     0.00000
24.6       26.824   223.510     0.000    13.988  5214.500   126.740  9000.000  9000.000   626.500   628.810     0.00000
24.7       26.416   223.640     0.000    14.192  5372.400   128.449  9000.000  9000.000   629.610   631.940     0.00000
24.8       26.016   223.650     0.000    14.584  5605.800   130.204  9000.000  9000.000   632.380   634.730     0.00000
24.9       25.623   223.830     0.000    14.600  5698.100   131.961  9000.000  9000.000   635.630   638.010     0.00000
25.0       25.235   224.210     0.000    14.600  5785.500   133.714  9000.000  9000.000   639.500   641.900     0.00000
25.1       24.854   224.600     0.000    14.649  5894.200   135.470  9000.000  9000.000   643.380   645.800     0.00000
25.2       24.484   225.110     0.000    14.781  6037.200   137.238  9000.000  9000.000   647.610   650.060     0.00000
25.3       24.132   225.880     0.000    15.028  6227.400   139.030  9000.000  9000.000   652.570   655.050     0.00000
25.4       23.780   226.650     0.000    15.274  6423.300   140.844  9000.000  9000.000   657.530   660.030     0.00000
25.5       23.429   227.160     0.000    15.172  6475.800   142.643  9000.000  9000.000   661.760   664.290     0.00000
25.6       23.081   227.520     1.096    15.110  6546.400   144.431  9000.000  9000.000   665.650   668.430     0.00003
25.7       22.734   228.000     2.000    14.869  6540.300   146.187  9000.000  9000.000   669.910   672.910     0.00006
25.8       22.397   227.850     1.000    15.005  6699.700   147.960  9000.000  9000.000   672.340   675.150     0.00003
25.9       22.065   228.140     0.549    15.120  6852.400   149.745  9000.000  9000.000   676.060   678.810     0.00002
26.0       21.736   228.170     0.000    14.900  6855.000   151.503  9000.000  9000.000   679.040   681.680     0.00000
26.1       21.413   228.050     0.957    14.996  7003.100   153.274  9000.000  9000.000   681.600   684.490     0.00003
26.2       21.100   228.120     0.667    14.933  7077.400   155.036  9000.000  9000.000   684.700   687.550     0.00002
26.3       20.788   228.190     0.319    14.864  7150.400   156.790  9000.000  9000.000   687.830   690.620     0.00001
26.4       20.476   228.270     0.000    14.752  7204.400   158.530  9000.000  9000.000   691.010   693.750     0.00000
26.5       20.170   228.530     0.000    14.901  7387.600   160.286  9000.000  9000.000   694.750   697.520     0.00000
26.6       19.873   228.360     0.000    14.054  7071.700   161.943  9000.000  9000.000   697.190   699.970     0.00000
26.7       19.578   228.450     0.000    14.522  7417.800   163.655  9000.000  9000.000   700.440   703.250     0.00000
26.8       19.287   228.450     0.000    14.530  7533.800   165.367  9000.000  9000.000   703.430   706.260     0.00000
26.9       19.000   228.520     0.000    13.933  7333.300   167.009  9000.000  9000.000   706.650   709.500     0.00000
27.0       18.718   228.690     0.000    13.700  7319.100   168.622  9000.000  9000.000   710.200   713.070     0.00000
27.1       18.440   228.940     0.000    13.700  7429.600   170.234  9000.000  9000.000   714.010   716.920     0.00000
27.2       18.168   229.410     0.000    13.568  7468.000   171.826  9000.000  9000.000   718.540   721.470     0.00000
27.3       17.900   229.850     0.000    13.400  7486.000   173.396  9000.000  9000.000   722.940   725.910     0.00000
27.4       17.637   230.060     0.000    13.672  7751.900   174.996  9000.000  9000.000   726.660   729.650     0.00000
27.5       17.375   230.210     0.000    13.713  7892.200   176.600  9000.000  9000.000   730.240   733.260     0.00000
27.6       17.120   230.520     0.000    13.870  8101.300   178.220  9000.000  9000.000   734.300   737.350     0.00000
27.7       16.868   230.940     0.000    13.591  8057.100   179.805  9000.000  9000.000   738.750   741.830     0.00000
27.8       16.620   231.140     0.000    13.230  7960.200   181.346  9000.000  9000.000   742.530   745.630     0.00000
27.9       16.376   231.420     0.000    12.592  7689.300   182.811  9000.000  9000.000   746.560   749.690     0.00000
28.0       16.136   231.100     0.000    12.512  7754.100   184.269  9000.000  9000.000   748.670   751.820     0.00000
28.1       15.900   231.050     0.000    12.800  8050.300   185.760  9000.000  9000.000   751.660   754.830     0.00000
28.2       15.668   231.030     0.000    11.975  7643.400   187.156  9000.000  9000.000   754.750   757.950     0.00000
28.3       15.437   230.870     0.000    12.514  8106.400   188.616  9000.000  9000.000   757.440   760.660     0.00000
28.4       15.211   230.850     0.000    12.284  8076.100   190.048  9000.000  9000.000   760.560   763.810     0.00000
28.5       14.987   231.360     0.000    12.316  8217.600   191.482  9000.000  9000.000   765.440   768.720     0.00000
28.6       14.770   231.440     0.000    12.577  8515.200   192.945  9000.000  9000.000   768.960   772.260     0.00000
28.7       14.552   231.530     0.000    12.837  8821.600   194.438  9000.000  9000.000   772.480   775.810     0.00000
28.8       14.339   231.270     0.000    12.458  8687.900   195.888  9000.000  9000.000   774.860   778.210     0.00000
28.9       14.128   230.900     0.000    11.876  8406.100   197.273  9000.000  9000.000   776.890   780.260     0.00000
29.0       13.921   230.580     0.000    11.845  8508.800   198.656  9000.000  9000.000   779.110   782.500     0.00000
29.1       13.714   230.270     0.000    11.896  8674.400   200.048  9000.000  9000.000   781.350   784.770     0.00000
29.2       13.515   230.190     0.000    11.746  8691.000   201.422  9000.000  9000.000   784.390   787.830     0.00000
29.3       13.317   230.120     0.000    11.580  8696.300   202.777  9000.000  9000.000   787.480   790.950     0.00000
29.4       13.118   230.060     0.000    11.415  8701.800   204.113  9000.000  9000.000   790.580   794.070     0.00000
29.5       12.928   230.150     0.000    11.154  8627.900   205.418  9000.000  9000.000   794.270   797.790     0.00000
29.6       12.739   230.260     0.000    10.884  8543.900   206.690  9000.000  9000.000   798.010   801.560     0.00000
29.7       12.549   230.360     0.000    10.614  8457.300   207.931  9000.000  9000.000   801.760   805.340     0.00000
29.8       12.362   230.300     0.000    10.400  8413.000   209.147  9000.000  9000.000   804.900   808.500     0.00000
29.9       12.179   230.050     0.000    10.495  8617.300   210.375  9000.000  9000.000   807.470   811.090     0.00000
30.0       12.001   230.050     0.000    10.450  8707.900   211.599  9000.000  9000.000   810.890   814.540     0.00000
30.1       11.823   230.050     0.000    10.406  8801.200   212.817  9000.000  9000.000   814.310   817.990     0.00000
30.2       11.649   229.900     0.000    10.097  8668.300   213.999  9000.000  9000.000   817.220   820.930     0.00000
30.3       11.477   230.660     0.000     9.877  8605.900   215.152  9000.000  9000.000   823.400   827.150     0.00000
30.4       11.309   230.700     0.000     9.709  8585.200   216.285  9000.000  9000.000   827.040   830.820     0.00000
30.5       11.142   230.740     0.000     9.542  8564.000   217.399  9000.000  9000.000   830.680   834.490     0.00000
30.6       10.978   231.050     0.000     9.317  8487.000   218.485  9000.000  9000.000   835.330   839.170     0.00000
30.7       10.817   231.330     0.000     9.200  8504.800   219.556  9000.000  9000.000   839.850   843.730     0.00000
30.8       10.660   231.510     0.000     9.193  8624.100   220.625  9000.000  9000.000   844.030   847.940     0.00000
30.9       10.507   231.740     0.000     9.168  8725.700   221.690  9000.000  9000.000   848.460   852.400     0.00000
31.0       10.353   231.970     0.000     9.142  8830.300   222.751  9000.000  9000.000   852.880   856.860     0.00000
31.1       10.200   232.200     0.000     9.117  8938.100   223.808  9000.000  9000.000   857.310   861.310     0.00000
31.2       10.049   232.450     0.000     8.843  8799.900   224.833  9000.000  9000.000   861.820   865.860     0.00000
31.3        9.903   232.520     0.000     8.535  8619.000   225.821  9000.000  9000.000   865.680   869.750     0.00000
31.4        9.758   232.470     0.000     8.439  8648.000   226.799  9000.000  9000.000   869.140   873.240     0.00000
31.5        9.617   232.500     0.000     8.300  8630.800   227.760  9000.000  9000.000   872.910   877.040     0.00000
31.6        9.478   232.580     0.000     8.133  8581.500   228.701  9000.000  9000.000   876.900   881.060     0.00000
31.7        9.339   232.670     0.000     7.967  8530.600   229.623  9000.000  9000.000   880.890   885.090     0.00000
31.8        9.200   232.750     0.000     7.800  8478.300   230.526  9000.000  9000.000   884.880   889.110     0.00000
31.9        9.067   233.150     0.000     7.667  8455.900   231.411  9000.000  9000.000   890.110   894.380     0.00000
32.0        8.934   233.880     0.000     7.666  8580.300   232.294  9000.000  9000.000   896.620   900.940     0.00000
32.1        8.804   234.150     0.000     7.316  8309.500   233.135  9000.000  9000.000   901.430   905.780     0.00000
32.2        8.677   234.400     0.000     7.116  8200.600   233.953  9000.000  9000.000   906.130   910.520     0.00000
32.3        8.552   234.630     0.000     6.984  8166.500   234.754  9000.000  9000.000   910.810   915.230     0.00000
32.4        8.429   234.830     0.000     6.943  8237.000   235.550  9000.000  9000.000   915.400   919.850     0.00000
32.5        8.306   235.040     0.000     6.902  8309.600   236.341  9000.000  9000.000   919.990   924.480     0.00000
32.6        8.190   235.800     0.000     6.790  8290.600   237.116  9000.000  9000.000   926.810   931.350     0.00000
32.7        8.074   236.580     0.000     6.674  8266.100   237.876  9000.000  9000.000   933.750   938.340     0.00000
32.8        7.959   237.370     0.000     6.559  8240.900   238.620  9000.000  9000.000   940.690   945.320     0.00000
32.9        7.843   238.160     0.000     6.443  8214.900   239.348  9000.000  9000.000   947.630   952.310     0.00000
33.0        7.732   238.610     0.000     6.346  8206.900   240.064  9000.000  9000.000   953.320   958.050     0.00000
33.1        7.624   238.870     0.000     6.259  8209.900   240.770  9000.000  9000.000   958.280   963.050     0.00000
33.2        7.516   239.130     0.000     6.173  8212.900   241.465  9000.000  9000.000   963.240   968.050     0.00000
33.3        7.408   239.390     0.000     6.086  8216.000   242.149  9000.000  9000.000   968.210   973.050     0.00000
33.4        7.300   239.650     0.000     6.000  8219.200   242.824  9000.000  9000.000   973.170   978.050     0.00000
33.5        7.198   239.850     0.000     5.864  8146.900   243.482  9000.000  9000.000   977.970   982.890     0.00000
33.6        7.097   240.060     0.000     5.729  8072.600   244.125  9000.000  9000.000   982.770   987.730     0.00000
33.7        6.995   240.260     0.000     5.595  7998.600   244.752  9000.000  9000.000   987.580   992.570     0.00000
33.8        6.896   240.460     0.000     5.498  7973.200   245.367  9000.000  9000.000   992.430   997.460     0.00000
33.9        6.802   240.740     0.000     5.461  8028.300   245.978  9000.000  9000.000   997.670  1002.800     0.00000
34.0        6.707   241.030     0.000     5.423  8085.000   246.584  9000.000  9000.000  1002.900  1008.000     0.00000
34.1        6.613   241.310     0.000     5.385  8143.200   247.185  9000.000  9000.000  1008.200  1013.300     0.00000
34.2        6.519   241.590     0.000     5.348  8203.200   247.781  9000.000  9000.000  1013.400  1018.600     0.00000
34.3        6.425   241.880     0.000     5.310  8264.900   248.372  9000.000  9000.000  1018.700  1023.900     0.00000
34.4        6.335   242.410     0.000     5.136  8108.400   248.942  9000.000  9000.000  1025.000  1030.300     0.00000
34.5        6.246   243.030     0.000     4.915  7869.100   249.487  9000.000  9000.000  1031.700  1037.100     0.00000
34.6     9000.000  9000.000  9000.000  9000.000  9000.000  9000.000  9000.000  9000.000  9000.000  9000.000  9000.00000
34.7     9000.000  9000.000  9000.000  9000.000  9000.000  9000.000  9000.000  9000.000  9000.000  9000.000  9000.00000
34.8     9000.000  9000.000  9000.000  9000.000  9000.000  9000.000  9000.000  9000.000  9000.000  9000.000  9000.00000
34.9     9000.000  9000.000  9000.000  9000.000  9000.000  9000.000  9000.000  9000.000  9000.000  9000.000  9000.00000
35.0     9000.000  9000.000  9000.000  9000.000  9000.000  9000.000  9000.000  9000.000  9000.000  9000.000  9000.00000