CR2/DMC Archive                  : http://www.cr2.cl/recursos-y-publicaciones/datos-ozonosonda/
STATION                          : Easter Island, Chile
Data Provider                    : DMC Dirección Meteorológica de Chile, GAW Program
Data Compilation                 : 26 July, 2016, by CR2 Center for Climate and Resilience Research, data interpolated every 100m
Latitude (deg)                   : -27.16
Longitude (deg)                  : -109.43
Elevation (m)                    : 41.0
Launch Date                      : 19990911 
Launch Time (UT)                 : 
Highest level reached (hPa)      : 5.600
Integrated O3 until EOF (DU)     : 286.025
Sonde/Sage Climatology(1988-2002): 
Sonde Instrument, SN             : SPC 6A 
Radiosonde, SN                   : Vaisala, OS815N
Solution                         : 1.0% buffered
Applied pump corrections         : 
Pump flow rate (sec/100ml)       : 9000
Background current (uA)          : 9000
Missing or bad values            : 9000
Alt       Press     Temp      RH        O3        O3        O3        u         v         Theta     Theta e   Q         
km        hPa       K         %         mPa       ppbv      DU        m/s       m/s       K         K         g/kg      
 0.0     9000.000  9000.000  9000.000  9000.000   9000.000 9000.000  9000.000  9000.000  9000.000  9000.000  9000.00000
 0.1     9000.000  9000.000  9000.000  9000.000   9000.000 9000.000  9000.000  9000.000  9000.000  9000.000  9000.00000
 0.2     9000.000  9000.000  9000.000  9000.000   9000.000 9000.000  9000.000  9000.000  9000.000  9000.000  9000.00000
 0.3      991.620   287.670    52.900     3.079     31.050    0.288    -5.481     3.853   288.360   301.710     0.00557
 0.4      979.900   286.780    55.333     3.020     30.819    0.572    -5.816     4.072   288.450   301.820     0.00556
 0.5      968.280   285.690    58.000     3.000     30.983    0.855    -6.275     4.394   288.330   301.570     0.00549
 0.6      956.760   284.810    62.000     2.956     30.900    1.134    -6.993     4.896   288.420   301.990     0.00560
 0.7      945.330   283.780    66.000     2.900     30.677    1.409    -8.286     4.979   288.360   302.060     0.00563
 0.8      934.130   282.870    70.833     2.898     31.027    1.685    -8.340     5.178   288.410   302.440     0.00575
 0.9      922.890   281.850    75.100     2.888     31.293    1.961    -8.484     4.492   288.370   302.470     0.00576
 1.0      911.800   280.950    79.000     2.840     31.147    2.233    -9.121     2.274   288.440   302.610     0.00576
 1.1      900.840   279.990    82.000     2.830     31.415    2.505    -7.921     2.122   288.440   302.420     0.00567
 1.2      889.890   279.030    84.000     2.840     31.914    2.779    -7.047     2.847   288.460   302.080     0.00550
 1.3      879.100   278.030    90.000     2.790     31.737    3.050    -6.442     2.473   288.430   302.250     0.00556
 1.4      868.370   277.450    89.667     2.770     31.899    3.318    -6.003     1.912   288.830   302.270     0.00538
 1.5      857.800   276.650    83.500     2.735     31.884    3.585    -5.723     1.534   289.000   301.020     0.00479
 1.6      847.370   282.090     1.000     2.965     34.986    3.868    -5.457     1.260   295.710   295.980     0.00008
 1.7      837.100   281.780     1.000     3.087     36.873    4.163    -5.053     1.229   296.420   296.690     0.00008
 1.8      827.100   281.250     1.000     3.073     37.154    4.457    -4.518     1.296   296.880   297.140     0.00008
 1.9      817.000   280.950     1.000     3.160     38.678    4.760    -4.562     1.381   297.600   297.870     0.00008
 2.0      807.200   281.450     1.000     3.450     42.740    5.090    -6.237     3.178   299.160   299.440     0.00009
 2.1      797.400   281.050     1.000     3.632     45.554    5.438    -6.000     2.926   299.770   300.050     0.00008
 2.2      787.890   280.950     1.000     3.575     45.374    5.780    -5.523     2.344   300.690   300.980     0.00008
 2.3      778.300   280.610     1.000     3.462     44.488    6.113    -4.948     1.899   301.380   301.670     0.00008
 2.4      768.830   279.850     1.250     3.280     42.663    6.428    -4.604     1.676   301.610   301.950     0.00010
 2.5      759.540   279.150     2.000     3.194     42.049    6.736    -4.481     1.720   301.900   302.380     0.00015
 2.6      750.310   278.640     2.000     3.300     43.982    7.055    -4.768     2.336   302.400   302.880     0.00015
 2.7      741.120   278.050     2.000     3.297     44.493    7.374    -5.109     3.193   302.820   303.290     0.00015
 2.8      732.100   277.750     3.000     3.440     46.988    7.708    -5.362     4.500   303.550   304.220     0.00022
 2.9      723.130   277.150     3.000     3.190     44.114    8.018    -5.488     5.683   303.960   304.620     0.00021
 3.0      714.280   276.550     4.000     2.762     38.668    8.287    -5.288     6.083   304.370   305.190     0.00027
 3.1      705.500   276.060     4.455     2.620     37.137    8.542    -3.546     5.875   304.900   305.800     0.00030
 3.2      696.810   275.440     5.000     2.620     37.600    8.798    -1.493     3.483   305.290   306.260     0.00032
 3.3      688.200   274.880     6.000     2.693     39.136    9.062    -2.071     4.659   305.760   306.880     0.00038
 3.4      679.740   274.870     4.000     2.930     43.105    9.349     1.270     4.125   306.820   307.620     0.00026
 3.5      671.320   274.450     5.600     2.688     40.041    9.613     3.153     2.048   307.440   308.510     0.00035
 3.6      663.060   273.990     4.000     2.562     38.639    9.865     2.529     1.758   308.010   308.800     0.00025
 3.7      654.770   273.250     3.000     2.467     37.672   10.108     3.653     3.214   308.280   308.890     0.00018
 3.8      646.640   272.480     2.300     2.400     37.115   10.345     5.247     3.954   308.510   309.000     0.00013
 3.9      638.580   271.950     1.000     2.628     41.154   10.605     3.936     5.071   309.010   309.300     0.00006
 4.0      630.580   271.550     1.000     2.739     43.440   10.877     0.298     3.201   309.660   309.960     0.00005
 4.1      622.750   271.050     1.000     3.155     50.662   11.190    -1.009     3.351   310.200   310.490     0.00005
 4.2      614.960   270.520     1.000     3.243     52.735   11.513     1.044     4.089   310.700   311.000     0.00005
 4.3      607.190   269.920     1.000     3.253     53.575   11.838     1.628     6.530   311.140   311.430     0.00005
 4.4      599.540   269.010     1.000     3.200     53.374   12.158     1.450     7.460   311.210   311.500     0.00005
 4.5      591.920   268.310     1.000     3.208     54.202   12.480     1.099     7.823   311.530   311.820     0.00005
 4.6      584.450   267.720     1.000     3.223     55.141   12.804     0.935     7.615   311.980   312.270     0.00004
 4.7      577.060   266.970     1.000     3.180     55.107   13.125     1.380     7.247   312.230   312.530     0.00004
 4.8      569.680   266.260     1.000     3.120     54.768   13.440     4.230     6.353   312.550   312.840     0.00004
 4.9      562.430   265.720     1.000     3.050     54.229   13.749     5.452     3.022   313.050   313.340     0.00004
 5.0      555.190   264.890     1.000     2.744     49.434   14.028     5.456     2.515   313.220   313.510     0.00004
 5.1      548.160   264.060     1.000     2.580     47.067   14.291     2.861     3.156   313.380   313.670     0.00004
 5.2      541.070   262.970     1.000     2.576     47.609   14.555     7.129     4.629   313.250   313.540     0.00003
 5.3      534.060   262.150     1.000     2.478     46.399   14.810     6.079     6.251   313.430   313.720     0.00003
 5.4      527.110   261.220     1.000     2.410     45.721   15.058     6.720     1.643   313.490   313.780     0.00003
 5.5      520.270   260.410     1.000     2.400     46.130   15.306     4.789     0.946   313.680   313.970     0.00003
 5.6      513.480   259.420     1.000     2.360     45.961   15.551     4.683     1.821   313.670   313.950     0.00003
 5.7      506.770   258.620     1.000     2.417     47.688   15.803     4.998     2.809   313.860   314.150     0.00002
 5.8      500.130   258.050     1.000     2.345     46.888   16.048     5.218     4.040   314.350   314.640     0.00002
 5.9      493.530   257.250     1.000     2.330     47.211   16.291     5.250     4.251   314.570   314.860     0.00002
 6.0      486.970   256.350     1.000     2.300     47.231   16.533     4.595     1.175   314.660   314.960     0.00002
 6.1      480.580   255.650     1.000     2.330     48.483   16.778     5.250     1.636   314.990   315.280     0.00002
 6.2      474.170   255.260     1.000     2.330     49.139   17.024     8.104     2.036   315.710   316.010     0.00002
 6.3      467.910   254.870     1.000     2.320     49.582   17.269     7.759     3.264   316.420   316.720     0.00002
 6.4      461.650   254.020     1.000     2.236     48.438   17.506     7.862     4.235   316.580   316.880     0.00002
 6.5      455.470   253.250     1.000     2.244     49.278   17.745     9.024     4.018   316.840   317.140     0.00002
 6.6      449.320   252.450     1.000     2.277     50.683   17.988     7.670     3.001   317.060   317.370     0.00002
 6.7      443.290   251.850     1.000     2.208     49.813   18.224     7.198     1.795   317.530   317.840     0.00002
 6.8      437.320   251.750     1.000     2.250     51.450   18.465     8.419     3.574   318.630   318.950     0.00002
 6.9      431.390   251.550    18.000     2.400     55.634   18.721     8.636     2.153   319.620   320.760     0.00028
 7.0      425.620   250.890    25.556     2.420     56.858   18.981     9.520     2.551   320.010   321.470     0.00039
 7.1      419.840   249.850    37.333     2.437     58.037   19.244    10.579     2.227   319.920   321.800     0.00052
 7.2      414.130   249.460    49.000     2.430     58.677   19.506    11.514     1.414   320.670   323.030     0.00067
 7.3      408.490   248.550    44.000     2.380     58.263   19.764    12.572     0.219   320.750   322.780     0.00056
 7.4      402.880   247.760    54.444     2.266     56.234   20.010    13.432    -0.574   320.990   323.330     0.00066
 7.5      397.420   247.120    59.000     2.140     53.847   20.243    15.102    -1.321   321.410   323.830     0.00068
 7.6      391.950   246.350    68.000     2.130     54.344   20.476    17.279    -2.122   321.680   324.300     0.00074
 7.7      386.500   245.850    69.250     2.060     53.299   20.702    18.486    -2.270   322.300   324.920     0.00073
 7.8      381.160   245.210    70.429     1.831     48.049   20.903    19.837    -2.436   322.740   325.300     0.00071
 7.9      375.900   244.630    68.833     1.598     42.520   21.079    21.141    -1.787   323.260   325.700     0.00067
 8.0      370.700   243.970    68.750     1.465     39.520   21.240    20.868    -2.562   323.670   326.020     0.00064
 8.1      365.510   243.070    73.000     1.380     37.756   21.393    21.545    -2.264   323.770   326.110     0.00063
 8.2      360.450   242.160    76.000     1.400     38.841   21.549    23.567    -0.823   323.840   326.130     0.00061
 8.3      355.370   241.550    72.857     1.390     39.114   21.704    24.853     0.434   324.330   326.470     0.00056
 8.4      350.360   241.140    61.000     1.452     41.450   21.866    26.595    -0.929   325.090   326.920     0.00046
 8.5      345.450   240.260    59.000     1.489     43.111   22.033    27.396     0.444   325.210   326.890     0.00041
 8.6      340.600   239.850    53.167     1.470     43.159   22.198    27.150     0.948   325.970   327.500     0.00036
 8.7      335.700   239.020    48.000     1.390     41.406   22.355    29.982     1.047   326.190   327.550     0.00031
 8.8      330.980   238.550    47.000     1.350     40.788   22.507    32.080     1.120   326.860   328.170     0.00029
 8.9      326.240   238.150    43.143     1.290     39.541   22.653    32.482    -1.053   327.650   328.880     0.00026
 9.0      321.600   237.350    41.000     1.485     46.175   22.821    32.406    -1.698   327.890   329.030     0.00023
 9.1      317.040   236.380    38.000     1.562     49.263   22.999    32.648    -2.283   327.880   328.910     0.00020
 9.2      312.470   235.520    40.667     1.453     46.512   23.165    32.354    -2.262   328.040   329.080     0.00020
 9.3      307.920   234.710    34.000     1.470     47.739   23.334    33.416    -3.512   328.270   329.180     0.00015
 9.4      303.490   233.950    33.000     1.630     53.709   23.522    33.350    -4.095   328.570   329.440     0.00014
 9.5      299.090   233.210    33.000     1.664     55.628   23.714    33.548    -4.119   328.900   329.750     0.00013
 9.6      294.710   232.250    34.000     1.799     61.034   23.922    33.372    -4.690   328.920   329.750     0.00012
 9.7      290.380   231.250    31.000     1.874     64.552   24.141    33.976    -5.381   328.890   329.660     0.00010
 9.8      286.130   230.380    32.000     1.840     64.306   24.356    34.174    -5.413   329.030   329.790     0.00010
 9.9      281.960   229.490    34.000     1.732     61.427   24.559    34.173    -6.026   329.130   329.890     0.00010
10.0      277.760   228.540    32.875     1.506     54.228   24.736    34.257    -6.118   329.170   329.890     0.00009
10.1      273.620   227.650    32.000     1.460     53.359   24.909    34.455    -6.697   329.300   330.000     0.00008
10.2      269.560   226.640    33.111     1.370     50.824   25.072    34.834    -6.841   329.240   329.930     0.00007
10.3      265.470   226.260    33.900     1.539     57.973   25.255    33.854    -8.441   330.120   330.820     0.00007
10.4      261.540   226.170    21.600     2.322     88.782   25.531    34.696    -9.297   331.390   332.010     0.00005
10.5      257.620   225.950    20.000     2.520     97.818   25.832    37.650    -8.692   332.500   333.110     0.00004
10.6      253.730   226.080    17.667     2.567    101.160   26.137    39.773    -6.062   334.140   334.740     0.00004
10.7      249.900   225.850    10.000     2.600    104.040   26.447    39.900    -4.899   335.240   335.790     0.00002
10.8      246.140   225.340     7.000     2.700    109.690   26.770    39.261    -3.435   335.930   336.460     0.00001
10.9      242.490   224.480     6.700     2.620    108.050   27.084    38.377    -2.011   336.080   336.610     0.00001
11.0      238.760   223.840     7.929     2.549    106.770   27.391    37.187    -0.649   336.610   337.150     0.00001
11.1      235.180   223.090     7.000     2.494    106.070   27.692    35.939     0.627   336.930   337.470     0.00001
11.2      231.590   222.410     6.625     2.494    107.680   27.994    34.678     2.425   337.380   337.920     0.00001
11.3      228.100   222.250     6.000     2.590    113.550   28.308    33.615     3.533   338.590   339.130     0.00001
11.4      224.600   222.050     6.000     2.650    117.990   28.629    33.472     2.928   339.780   340.330     0.00001
11.5      221.180   221.350     4.000     2.690    121.620   28.956    33.890     2.370   340.190   340.730     0.00001
11.6      217.760   221.160     4.000     2.428    111.510   29.252    34.755     1.766   341.410   341.960     0.00001
11.7      214.450   221.650     3.000     2.310    107.720   29.532    34.779     1.214   343.660   344.220     0.00000
11.8      211.170   221.150     4.000     2.179    103.180   29.798    33.784     0.590   344.400   344.970     0.00001
11.9      207.930   220.460     3.000     2.151    103.470   30.061    32.799     0.082   344.840   345.410     0.00000
12.0      204.720   219.660     2.000     2.175    106.240   30.327    32.113     0.000   345.110   345.680     0.00000
12.1      201.580   219.750     2.000     2.238    111.020   30.601    31.255    -0.546   346.780   347.350     0.00000
12.2      198.430   219.350     2.000     2.211    111.430   30.873    30.569    -1.602   347.700   348.280     0.00000
12.3      195.360   218.950     2.000     2.150    110.050   31.137    30.185    -2.641   348.610   349.200     0.00000
12.4      192.370   218.740     2.000     2.079    108.070   31.393    30.720    -4.317   349.810   350.410     0.00000
12.5      189.380   217.950     2.000     2.010    106.140   31.641    32.523    -5.735   350.110   350.710     0.00000
12.6      186.400   217.350     2.000     1.940    104.080   31.882    33.878    -5.366   350.720   351.330     0.00000
12.7      183.510   217.050     2.000     1.920    104.630   32.120    33.747    -4.144   351.800   352.420     0.00000
12.8      180.680   216.650     2.000     1.857    102.810   32.351    34.764    -4.269   352.710   353.340     0.00000
12.9      177.810   216.220     1.700     1.800    101.230   32.575    36.179    -5.730   353.620   354.250     0.00000
13.0      175.030   215.550     2.000     1.761    100.610   32.795    35.566    -5.633   354.110   354.750     0.00000
13.1      172.250   214.770     2.000     1.804    104.710   33.021    33.914    -5.371   354.440   355.080     0.00000
13.2      169.540   214.070     2.000     1.760    103.810   33.242    31.847    -5.044   354.890   355.530     0.00000
13.3      166.830   213.690     2.000     1.776    106.430   33.466    30.125    -5.856   355.890   356.550     0.00000
13.4      164.210   213.350     2.000     1.770    107.790   33.690    29.206    -7.282   356.930   357.590     0.00000
13.5      161.650   213.030     2.000     1.748    108.150   33.911    29.268    -7.842   358.000   358.660     0.00000
13.6      159.030   212.520     1.000     1.670    105.010   34.122    29.511    -8.462   358.790   359.460     0.00000
13.7      156.430   211.960     2.000     1.720    109.950   34.341    29.511    -8.462   359.540   360.220     0.00000
13.8      153.960   211.850     2.000     1.660    107.820   34.552    30.373    -8.138   360.990   361.680     0.00000
13.9      151.510   211.200     2.000     1.640    108.240   34.761    31.038    -7.166   361.530   362.230     0.00000
14.0      149.060   210.950     3.000     1.632    109.500   34.969    30.127    -6.404   362.780   363.490     0.00000
14.1      146.650   210.670     2.833     1.707    116.380   35.187    32.067    -5.079   363.980   364.690     0.00000
14.2      144.350   210.580     3.000     1.730    119.840   35.408    33.246    -4.672   365.460   366.190     0.00000
14.3      142.030   210.150     3.000     1.670    117.580   35.622    34.866    -3.818   366.410   367.150     0.00000
14.4      139.720   209.560     2.000     1.572    112.500   35.824    35.999    -2.575   367.090   367.830     0.00000
14.5      137.450   208.980     2.000     1.520    110.580   36.020    36.494    -0.637   367.780   368.520     0.00000
14.6      135.210   209.050     2.000     1.534    113.470   36.218    36.035     1.258   369.630   370.390     0.00000
14.7      133.020   209.060     2.000     1.579    118.690   36.421    34.675     1.817   371.380   372.140     0.00000
14.8      130.900   209.550     2.000     1.720    131.400   36.642    32.077     2.806   373.950   374.730     0.00000
14.9      128.760   209.410     2.000     1.839    142.820   36.879    31.137     2.724   375.460   376.250     0.00000
15.0      126.690   209.050     1.000     1.941    153.220   37.129    30.079     3.161   376.550   377.350     0.00000
15.1      124.640   208.150     1.000     1.932    155.020   37.379    28.431     3.491   376.670   377.470     0.00000
15.2      122.620   207.660     1.000     1.940    158.210   37.630    27.341     3.843   377.540   378.350     0.00000
15.3      120.580   206.950     1.000     1.900    157.570   37.877    26.715     3.755   378.060   378.870     0.00000
15.4      118.590   206.350     2.000     1.866    157.310   38.121    25.043     3.519   378.750   379.580     0.00000
15.5      116.660   205.850     1.000     1.890    162.000   38.368    22.720     2.388   379.600   380.430     0.00000
15.6      114.740   205.650     2.000     2.006    174.780   38.631    20.532     0.717   381.030   381.870     0.00000
15.7      112.900   204.950     4.000     2.110    186.890   38.908    19.973    -1.047   381.490   382.340     0.00000
15.8      110.980   204.350     5.000     2.119    190.940   39.187    20.630    -1.805   382.230   383.090     0.00000
15.9      109.120   204.260     5.000     1.980    181.450   39.448    21.770    -2.288   383.910   384.780     0.00000
16.0      107.300   204.000     4.000     1.905    177.540   39.699    23.126    -2.840   385.260   386.140     0.00000
16.1      105.500   203.950     4.000     1.950    184.830   39.957    24.757    -3.479   387.030   387.920     0.00000
16.2      103.770   203.950     3.727     1.880    181.170   40.205    25.897    -1.233   388.850   389.750     0.00000
16.3      102.110   204.040     3.000     1.948    190.770   40.462    26.011     2.276   390.820   391.730     0.00000
16.4      100.380   204.570     3.000     2.140    213.190   40.744    23.540     2.474   393.740   394.670     0.00000
16.5       98.680   205.870     3.000     2.400    243.210   41.058    20.566     2.525   398.180   399.120     0.00000
16.6       97.110   205.760     4.000     2.598    267.530   41.398    18.062     3.511   399.790   400.740     0.00000
16.7       95.457   205.450     4.000     2.670    279.710   41.748    16.314     5.754   401.140   402.110     0.00000
16.8       93.882   205.350     4.000     2.782    296.310   42.112    14.362     7.375   402.850   403.830     0.00000
16.9       92.380   205.410     4.000     2.862    309.810   42.488    11.332     6.809   404.820   405.810     0.00000
17.0       90.862   205.350     4.000     2.978    327.690   42.878     9.148     5.716   406.620   407.620     0.00000
17.1       89.385   205.050     5.000     3.060    342.340   43.280     9.112     3.303   407.930   408.940     0.00000
17.2       87.867   204.520     5.000     3.160    359.640   43.696     9.052     1.816   408.860   409.880     0.00000
17.3       86.380   204.030     5.800     3.112    360.270   44.107    10.138    -0.213   409.870   410.900     0.00000
17.4       85.000   203.250     4.000     3.180    374.120   44.528    12.149    -1.924   410.180   411.220     0.00000
17.5       83.580   203.160     4.000     3.300    394.830   44.965    13.879    -3.486   411.970   413.020     0.00000
17.6       82.211   204.240     4.000     3.517    427.760   45.429    14.741    -4.790   416.110   417.180     0.00000
17.7       80.783   205.210     3.583     3.912    484.220   45.942    14.171    -4.063   420.180   421.260     0.00000
17.8       79.510   204.860     3.000     4.100    515.660   46.481    14.275    -3.060   421.370   422.460     0.00000
17.9       78.200   205.150     2.000     4.300    549.870   47.045    15.706    -3.053   423.970   425.070     0.00000
18.0       76.883   205.350     2.000     4.621    601.020   47.651    17.297    -2.714   426.440   427.560     0.00000
18.1       75.609   204.500     2.000     4.764    630.160   48.279    18.320    -0.960   426.710   427.830     0.00000
18.2       74.350   205.170     1.000     5.433    730.670   48.992    18.794     1.067   430.160   431.300     0.00000
18.3       73.100   205.950     2.000     7.280    995.900   49.943    18.683     3.971   433.870   435.040     0.00000
18.4       71.900   206.450     2.000     8.540   1187.800   51.057    17.854     6.498   436.980   438.160     0.00000
18.5       70.731   206.750     1.000     9.316   1317.100   52.271    17.023     6.196   439.670   440.860     0.00000
18.6       69.618   206.270     1.000     9.623   1382.200   53.527    16.356     6.548   440.630   441.830     0.00000
18.7       68.427   205.850     1.000     9.528   1392.500   54.773    14.978     6.052   441.900   443.110     0.00000
18.8       67.355   205.850     1.000     9.266   1375.800   55.985    13.582     5.765   443.890   445.120     0.00000
18.9       66.182   205.950     1.000     9.066   1369.800   57.170    12.264     5.982   446.340   447.570     0.00000
19.0       65.109   206.440     1.000     8.920   1370.000   58.334     9.948     4.038   449.490   450.740     0.00000
19.1       64.100   207.150     1.000     8.760   1366.600   59.472     7.625     1.072   453.040   454.310     0.00000
19.2       63.009   207.600     1.000     8.433   1338.300   60.566     6.796     0.237   456.240   457.530     0.00000
19.3       61.971   207.420     1.000     8.436   1361.200   61.661     7.753    -0.231   458.020   459.320     0.00000
19.4       60.940   207.050     1.000     8.288   1360.000   62.739     9.059     1.049   459.390   460.710     0.00000
19.5       59.975   206.720     1.000     7.920   1320.600   63.771    10.470     3.453   460.760   462.090     0.00000
19.6       58.950   207.200     1.000     7.890   1338.400   64.796     8.649     4.501   464.090   465.440     0.00000
19.7       58.000   207.650     1.000     7.940   1369.000   65.826     6.469     4.875   467.260   468.620     0.00000
19.8       57.117   208.900     1.000     8.438   1477.400   66.913     4.225     5.005   472.130   473.510     0.00000
19.9       56.160   210.050     1.000     9.232   1643.900   68.097     3.533     3.815   477.020   478.430     0.00000
20.0       55.209   209.650     1.000     9.479   1716.900   69.314     4.931     3.728   478.430   479.850     0.00000
20.1       54.383   208.930     1.000     9.045   1663.200   70.480     6.574     3.470   478.850   480.270     0.00000
20.2       53.479   208.330     1.000     8.454   1580.700   71.573     8.556     3.284   479.750   481.190     0.00000
20.3       52.585   207.930     1.000     8.185   1556.500   72.632    10.270     4.823   481.150   482.600     0.00000
20.4       51.769   207.850     1.000     8.409   1624.400   73.722    11.225     6.481   483.100   484.560     0.00000
20.5       50.920   208.050     1.000     8.538   1676.700   74.827    11.330     7.080   485.840   487.320     0.00000
20.6       50.057   208.490     1.000     8.446   1687.200   75.918     9.442     6.860   489.250   490.750     0.00000
20.7       49.293   209.060     1.000     8.644   1753.500   77.031     6.602     4.442   492.730   494.250     0.00000
20.8       48.440   209.350     1.000     9.298   1919.500   78.227     3.976     0.908   495.880   497.420     0.00000
20.9       47.700   209.350     1.000    10.323   2164.000   79.554     2.987    -2.095   498.060   499.610     0.00000
21.0       46.900   209.850     1.000    11.230   2394.500   80.995     4.041    -3.272   501.660   503.240     0.00000
21.1       46.150   210.400     1.000    11.705   2536.300   82.493     6.233    -2.840   505.290   506.890     0.00000
21.2       45.418   211.030     1.000    12.236   2694.200   84.055     6.740    -1.956   509.120   510.740     0.00000
21.3       44.673   211.780     1.000    12.523   2803.200   85.647     6.077    -2.007   513.340   514.970     0.00000
21.4       43.925   211.970     1.000    12.977   2954.500   87.295     6.659    -2.930   516.290   517.950     0.00000
21.5       43.290   211.640     1.000    13.112   3028.900   88.964     6.861    -4.490   517.620   519.290     0.00000
21.6       42.570   211.750     1.000    13.140   3086.700   90.635     6.485    -5.067   520.370   522.050     0.00000
21.7       41.931   211.750     1.000    13.066   3116.100   92.296     7.219    -3.888   522.610   524.320     0.00000
21.8       41.208   211.950     1.000    13.066   3170.700   93.956     7.225    -3.217   525.700   527.430     0.00000
21.9       40.607   212.250     1.000    13.246   3262.000   95.636     7.928    -2.434   528.660   530.400     0.00000
22.0       39.933   212.350     1.000    13.337   3339.700   97.327     9.290    -1.195   531.430   533.190     0.00000
22.1       39.250   211.950     1.000    13.270   3380.900   99.013    10.075    -0.705   533.050   534.820     0.00000
22.2       38.692   212.770     1.000    13.382   3458.400  100.707     9.247    -1.643   537.280   539.080     0.00000
22.3       38.033   213.520     1.000    13.860   3644.200  102.455     8.542    -1.252   541.820   543.650     0.00000
22.4       37.414   214.140     1.000    13.943   3726.600  104.208     8.358     0.836   545.940   547.790     0.00000
22.5       36.807   214.840     1.000    14.057   3819.200  105.970     8.568     1.511   550.300   552.180     0.00000
22.6       36.283   214.970     1.000    14.268   3932.500  107.757     9.231     1.133   552.870   554.760     0.00000
22.7       35.683   215.670     1.000    14.720   4125.200  109.595     8.459    -0.344   557.310   559.230     0.00000
22.8       35.108   216.150     1.000    14.855   4231.200  111.445     6.728    -2.294   561.150   563.100     0.00000
22.9       34.591   216.550     1.000    14.890   4304.600  113.297     6.141    -2.104   564.570   566.540     0.00001
23.0       34.000   217.450     1.000    14.830   4361.800  115.133     6.285    -0.439   569.710   571.710     0.00001
23.1       33.514   218.250     1.000    14.813   4419.900  116.961     6.263    -1.315   574.150   576.180     0.00001
23.2       33.032   218.720     1.000    14.740   4462.400  118.775     5.800    -2.190   577.770   579.820     0.00001
23.3       32.500   218.850     1.000    14.718   4528.700  120.586     5.383    -2.710   580.790   582.870     0.00001
23.4       32.000   219.340     1.000    14.830   4634.400  122.407     5.007    -3.121   584.680   586.780     0.00001
23.5       31.487   219.750     1.000    14.513   4609.100  124.185     4.692    -3.409   588.470   590.590     0.00001
23.6       31.000   220.050     1.000    14.750   4758.100  125.990     4.430    -3.587   591.890   594.040     0.00001
23.7       30.500   220.130     1.000    14.684   4814.500  127.786     4.236    -3.814   594.860   597.030     0.00001
23.8       30.031   220.050     1.000    14.245   4743.600  129.529     4.049    -3.868   597.270   599.460     0.00001
23.9       29.594   219.850     1.000    14.058   4750.200  131.251     3.960    -3.960   599.220   601.430     0.00001
24.0       29.100   219.320     1.000    14.056   4830.400  132.976     3.890    -4.028   600.660   602.880     0.00001
24.1       28.677   218.730     1.000    13.820   4819.200  134.678     3.906    -4.045   601.530   603.760     0.00001
24.2       28.229   218.080     1.000    13.595   4815.800  136.356     4.497    -4.611   602.440   604.680     0.00001
24.3       27.800   218.740     1.000    13.307   4786.700  137.994     4.280    -7.375   606.900   609.170     0.00001
24.4       27.400   219.450     1.000    13.252   4836.500  139.620     3.868    -9.113   611.400   613.700     0.00001
24.5       26.922   219.450     2.000    13.220   4910.400  141.242     3.986    -8.953   614.470   616.860     0.00002
24.6       26.500   219.250     2.000    12.988   4901.100  142.837     4.413    -8.300   616.680   619.090     0.00002
24.7       26.100   219.550     2.000    12.900   4942.500  144.420     4.767    -7.516   620.210   622.650     0.00002
24.8       25.700   219.450     2.000    12.660   4926.100  145.973     4.879    -6.715   622.660   625.120     0.00002
24.9       25.300   219.800     2.000    12.859   5082.700  147.548     4.802    -6.146   626.430   628.930     0.00002
25.0       24.900   220.060     1.000    13.073   5250.300  149.148     4.933    -7.313   630.040   632.490     0.00001
25.1       24.573   220.350     1.000    13.040   5306.600  150.741     5.938    -8.481   633.250   635.720     0.00001
25.2       24.173   220.320     1.000    13.127   5430.200  152.346     6.791    -9.347   636.140   638.630     0.00001
25.3       23.800   220.150     1.000    13.146   5523.400  153.953     6.998    -9.994   638.460   640.970     0.00001
25.4       23.400   221.350     1.000    13.460   5752.100  155.591     6.917   -10.651   645.050   647.610     0.00001
25.5       23.053   222.440     1.000    13.640   5916.800  157.242     7.493   -11.109   651.000   653.610     0.00002
25.6       22.718   223.330     1.000    13.801   6074.800  158.906     7.511   -11.779   656.330   658.980     0.00002
25.7       22.400   223.920     1.000    13.900   6205.400  160.577     7.337   -13.236   660.700   663.390     0.00002
25.8       22.050   224.050     1.000    14.080   6385.500  162.269     6.887   -14.441   664.060   666.780     0.00002
25.9       21.700   223.720     1.000    14.260   6571.400  163.986     6.378   -15.785   666.130   668.870     0.00002
26.0       21.400   223.090     1.000    14.148   6611.000  165.693     6.075   -16.691   666.870   669.610     0.00002
26.1       21.047   222.600     1.000    14.070   6685.100  167.395     5.249   -17.683   668.560   671.320     0.00002
26.2       20.700   222.350     1.000    14.060   6792.300  169.098     5.880   -16.885   670.990   673.770     0.00002
26.3       20.400   222.250     1.000    14.040   6882.400  170.799     7.140   -15.708   673.480   676.280     0.00002
26.4       20.100   221.950     1.000    13.861   6895.900  172.481     8.518   -14.712   675.420   678.230     0.00002
26.5       19.800   222.150     1.000    13.810   6974.700  174.154     9.368   -14.425   678.930   681.770     0.00002
26.6       19.500   222.210     1.000    13.750   7051.300  175.821    10.107   -13.588   682.080   684.960     0.00002
26.7       19.200   222.660     1.000    13.670   7119.800  177.474    10.849   -11.603   686.470   689.380     0.00002
26.8       18.900   223.120     1.000    13.590   7190.500  179.114    11.711    -9.574   691.000   693.950     0.00002
26.9       18.600   223.110     1.000    13.355   7180.100  180.725    12.562    -6.750   694.120   697.100     0.00002
27.0       18.331   222.880     1.000    13.350   7282.800  182.338    12.764    -2.235   696.290   699.280     0.00002
27.1       18.014   222.560     1.000    13.266   7364.000  183.943    12.747    -2.310   698.760   701.770     0.00002
27.2       17.800   222.700     1.000    13.225   7429.900  185.542    12.752    -2.615   701.560   704.600     0.00002
27.3       17.500   222.610     2.000    13.169   7525.100  187.135    12.758    -2.919   704.690   707.920     0.00004
27.4       17.238   222.250     2.000    12.885   7474.900  188.696    12.764    -3.223   706.580   709.820     0.00004
27.5       17.000   221.950     1.429    12.517   7363.000  190.215    12.770    -3.528   708.420   711.590     0.00003
27.6       16.728   222.120     1.000    12.570   7514.400  191.739    12.775    -3.832   712.240   715.370     0.00002
27.7       16.500   222.650     2.000    12.670   7678.800  193.271    12.781    -4.137   716.730   720.080     0.00005
27.8       16.200   222.950     1.000    12.780   7888.900  194.814    12.787    -4.441   721.450   724.670     0.00002
27.9       15.988   223.250     2.000    12.805   8009.400  196.359    12.793    -4.745   725.150   728.600     0.00005
28.0       15.700   223.150     2.000    12.640   8051.000  197.884    12.799    -5.050   728.580   732.060     0.00005
28.1       15.495   222.750     1.050    12.663   8172.300  199.415    12.804    -5.354   730.000   733.300     0.00003
28.2       15.262   222.250     1.000    12.611   8262.900  200.943    12.810    -5.659   731.510   734.810     0.00002
28.3       15.000   222.250     2.000    12.593   8395.600  202.468    12.816    -5.963   735.130   738.650     0.00005
28.4       14.800   222.320     3.000    12.483   8434.100  203.980    12.822    -6.267   738.190   741.950     0.00007
28.5       14.600   222.340     2.933    12.222   8371.200  205.460    12.827    -6.572   741.120   744.900     0.00007
28.6       14.361   223.190     2.000    12.160   8467.300  206.927    12.833    -6.876   747.450   751.120     0.00006
28.7       14.100   223.810     1.000    12.160   8624.100  208.390    12.839    -7.181   753.470   756.990     0.00003
28.8       13.900   224.350     1.000    12.246   8810.300  209.860    12.845    -7.485   758.350   761.920     0.00003
28.9       13.700   224.150     1.000    12.380   9036.500  211.347    12.850    -7.789   760.810   764.400     0.00003
29.0       13.500   223.890     1.000    12.401   9186.000  212.838    12.856    -8.094   763.120   766.730     0.00003
29.1       13.300   223.710     1.000    12.256   9214.900  214.314    12.862    -8.398   765.750   769.380     0.00003
29.2       13.100   223.430     1.000    12.140   9267.200  215.777    12.868    -8.703   768.090   771.740     0.00003
29.3       12.900   222.950     1.000    12.030   9325.600  217.230    12.873    -9.007   769.820   773.480     0.00003
29.4       12.700   222.820     1.000    11.877   9351.700  218.665    12.879    -9.311   772.790   776.480     0.00003
29.5       12.500   222.750     1.000    11.840   9472.000  220.096    12.885    -9.616   776.060   779.780     0.00003
29.6       12.300   222.750     2.000    11.670   9487.800  221.507    12.891    -9.920   779.630   783.640     0.00006
29.7       12.100   222.850     1.000    11.640   9619.800  222.913    12.896   -10.225   783.630   787.420     0.00003
29.8       11.900   222.890     1.000    11.480   9647.100  224.300    12.924   -10.844   787.480   791.320     0.00003
29.9       11.750   222.850     1.000    11.395   9697.900  225.677    14.336   -10.803   790.210   794.070     0.00003
30.0       11.600   223.150     1.000    11.232   9683.100  227.032    15.072   -10.554   794.170   798.080     0.00003
30.1       11.400   223.450     1.000    11.137   9769.500  228.374    15.088   -10.177   799.190   803.150     0.00004
30.2       11.223   223.450     1.000    11.052   9848.100  229.706    15.096    -9.803   802.770   806.760     0.00004
30.3       11.100   223.650     1.000    10.950   9864.900  231.024    15.010    -9.380   806.010   810.030     0.00004
30.4       10.900   224.050     2.000    10.905  10004.000  232.335    15.098    -8.847   811.640   816.080     0.00008
30.5       10.700   224.550     2.000    10.830  10121.000  233.634    14.982    -8.650   817.750   822.300     0.00009
30.6       10.600   225.200     1.000    10.612  10012.000  234.903    14.956    -8.290   822.330   826.560     0.00005
30.7       10.400   225.560     1.000    10.630  10221.000  236.172    14.922    -7.934   828.120   832.410     0.00005
30.8       10.273   225.980     1.000    10.597  10315.000  237.434    14.745    -7.840   832.550   836.910     0.00005
30.9       10.100   226.720     1.000    10.540  10436.000  238.686    14.580    -7.752   839.360   843.820     0.00006
31.0        9.971   227.680     2.000    10.533  10563.000  239.932    14.480    -7.699   845.970   851.140     0.00013
31.1        9.800   228.570     2.000    10.550  10765.000  241.175    14.256    -7.902   853.470   858.840     0.00015
31.2        9.689   229.060     4.111    10.560  10899.000  242.416    14.014    -8.127   858.110   865.120     0.00033
31.3        9.500   229.770     3.900    10.578  11135.000  243.656    13.638    -8.555   865.600   872.820     0.00034
31.4        9.400   230.540     3.000    10.761  11447.000  244.912    13.636    -8.560   871.120   877.900     0.00029
31.5        9.200   231.070     1.000    10.870  11815.000  246.179    13.683    -8.484   878.490   883.650     0.00010
31.6        9.100   231.250     1.000    10.995  12083.000  247.459    13.800    -8.292   881.920   887.130     0.00011
31.7        9.000   231.250     1.750    11.010  12233.000  248.741    13.800    -8.292   884.700   890.700     0.00019
31.8        8.800   231.380     2.000    11.068  12577.000  250.029    13.800    -8.292   890.860   897.250     0.00023
31.9        8.700   231.510     1.450    11.129  12792.000  251.324    13.800    -8.292   894.270   900.150     0.00017
32.0        8.600   231.350     1.381    11.157  12973.000  252.622    13.800    -8.292   896.620   902.450     0.00016
32.1        8.473   231.150     1.727    11.161  13173.000  253.922    13.800    -8.292   899.660   905.890     0.00020
32.2        8.300   231.250     1.000    11.061  13327.000  255.210    13.833    -8.311   905.340   910.880     0.00012
32.3        8.200   231.350     1.000    11.087  13521.000  256.501    13.886    -8.344   908.860   914.460     0.00012
32.4        8.100   231.390     1.000    11.104  13709.000  257.793    13.800    -8.292   912.220   917.870     0.00012
32.5        8.000   231.440     1.000    11.160  13949.000  259.091    13.943    -8.050   915.650   921.360     0.00013
32.6        7.848   231.350     1.000    11.135  14189.000  260.387    13.943    -8.050   920.310   926.070     0.00013
32.7        7.700   231.350     1.000    11.097  14412.000  261.679    13.856    -8.000   925.300   931.130     0.00013
32.8        7.600   231.150     1.000    10.998  14471.000  262.960    13.852    -7.997   927.950   933.800     0.00013
32.9        7.500   230.850     1.000    10.880  14507.000  264.229    13.906    -7.708   930.240   936.100     0.00013
33.0        7.400   230.840     1.000    10.779  14567.000  265.486    13.906    -7.708   933.790   939.700     0.00013
33.1        7.300   230.650     1.000    10.700  14658.000  266.736    13.819    -7.660   936.620   942.560     0.00013
33.2        7.200   230.550     1.000    10.450  14514.000  267.956    13.683    -7.900   939.900   945.870     0.00013
33.3        7.100   230.750     1.000    10.150  14296.000  269.140    13.597    -7.850   944.470   950.530     0.00013
33.4        7.000   231.120     1.000     9.778  13968.000  270.280    13.624    -8.513   949.800   955.970     0.00014
33.5        6.896   231.350     1.000     9.599  13921.000  271.397    13.679    -9.242   954.860   961.140     0.00015
33.6        6.800   232.020     1.000     9.536  14023.000  272.504    14.029   -10.193   961.420   967.890     0.00016
33.7        6.700   232.550     1.000     9.441  14090.000  273.597    14.741   -10.322   967.670   974.310     0.00017
33.8        6.600   232.790     1.000     9.350  14167.000  274.678    15.396    -9.998   972.860   979.620     0.00018
33.9        6.500   233.350     1.000     9.220  14185.000  275.742    15.728    -8.798   979.440   986.390     0.00019
34.0        6.400   233.630     2.000     9.172  14331.000  276.799    15.183    -7.736   984.950   994.080     0.00040
34.1        6.300   234.050     1.000     9.110  14460.000  277.847    14.448    -7.362   991.160   998.440     0.00021
34.2        6.200   234.710     1.000     9.037  14576.000  278.884    14.053    -7.160   998.480  1006.000     0.00023
34.3        6.100   235.490     1.000     8.940  14656.000  279.906    13.649    -7.257  1006.500  1014.300     0.00026
34.4        6.000   236.490     1.000     8.974  14957.000  280.928    13.350    -7.400  1015.500  1023.800     0.00029
34.5        5.900   237.090     1.000     9.060  15356.000  281.957    13.164    -7.600  1023.000  1031.600     0.00031
34.6        5.900   237.540     1.000     8.970  15203.000  282.974    12.952    -7.782  1024.900  1033.700     0.00033
34.7        5.800   238.000     1.000     8.960  15448.000  283.987    12.643    -7.597  1031.900  1041.000     0.00035
34.8        5.700   238.650     1.000     9.000  15789.000  285.003    12.171    -7.890  1039.800  1049.300     0.00038
34.9        5.600   238.850     1.000     9.066  16189.000  286.025    12.042    -8.432  1046.000  1055.700     0.00040
35.0     9000.000  9000.000  9000.000  9000.000   9000.000 9000.000  9000.000  9000.000  9000.000  9000.000  9000.00000